
clear
addpatch 480 32 256 512 32 256 512 32 288 496 32 272 1
addpatch 480 32 256 512 32 288 480 32 288 496 32 272 1
addpatch 544 32 192 576 32 192 576 32 224 560 32 208 1
addpatch 544 32 192 576 32 224 544 32 224 560 32 208 1
addpatch 320 32 416 352 32 416 352 32 448 336 32 432 1
addpatch 320 32 416 352 32 448 320 32 448 336 32 432 1
addpatch 288 32 448 320 32 448 320 32 480 304 32 464 1
addpatch 288 32 448 320 32 480 288 32 480 304 32 464 1
addpatch 256 32 480 288 32 480 288 32 512 272 32 496 1
addpatch 256 32 480 288 32 512 256 32 512 272 32 496 1
addpatch 224 32 512 256 32 512 256 32 544 240 32 528 1
addpatch 224 32 512 256 32 544 224 32 544 240 32 528 1
addpatch 0 32 736 32 32 736 32 32 768 16 32 752 1
addpatch 0 32 736 32 32 768 0 32 768 16 32 752 1
addpatch 640 32 96 672 32 96 672 32 128 656 32 112 1
addpatch 640 32 96 672 32 128 640 32 128 656 32 112 1
addpatch 768 32 0 800 32 0 800 32 32 784 32 16 1
addpatch 768 32 0 800 32 32 768 32 32 784 32 16 1
addpatch 800 32 0 832 32 0 832 32 32 816 32 16 1
addpatch 800 32 0 832 32 32 800 32 32 816 32 16 1
addpatch 832 32 0 864 32 0 864 32 32 848 32 16 1
addpatch 832 32 0 864 32 32 832 32 32 848 32 16 1
addpatch 864 32 0 896 32 0 896 32 32 880 32 16 1
addpatch 864 32 0 896 32 32 864 32 32 880 32 16 1
addpatch 896 32 0 928 32 0 928 32 32 912 32 16 1
addpatch 896 32 0 928 32 32 896 32 32 912 32 16 1
addpatch 928 32 0 960 32 0 960 32 32 944 32 16 1
addpatch 928 32 0 960 32 32 928 32 32 944 32 16 1
addpatch 960 32 0 992 32 0 992 32 32 976 32 16 1
addpatch 960 32 0 992 32 32 960 32 32 976 32 16 1
addpatch 992 32 32 1024 32 32 1024 32 64 1008 32 48 1
addpatch 992 32 32 1024 32 64 992 32 64 1008 32 48 1
addpatch 768 32 224 800 32 224 800 32 256 784 32 240 1
addpatch 768 32 224 800 32 256 768 32 256 784 32 240 1
addpatch 896 32 96 928 32 96 928 32 128 912 32 112 1
addpatch 896 32 96 928 32 128 896 32 128 912 32 112 1
addpatch 960 32 32 992 32 32 992 32 64 976 32 48 1
addpatch 960 32 32 992 32 64 960 32 64 976 32 48 1
addpatch 928 32 32 960 32 32 960 32 64 944 32 48 1
addpatch 928 32 32 960 32 64 928 32 64 944 32 48 1
addpatch 896 32 32 928 32 32 928 32 64 912 32 48 1
addpatch 896 32 32 928 32 64 896 32 64 912 32 48 1
addpatch 864 32 32 896 32 32 896 32 64 880 32 48 1
addpatch 864 32 32 896 32 64 864 32 64 880 32 48 1
addpatch 832 32 32 864 32 32 864 32 64 848 32 48 1
addpatch 832 32 32 864 32 64 832 32 64 848 32 48 1
addpatch 800 32 32 832 32 32 832 32 64 816 32 48 1
addpatch 800 32 32 832 32 64 800 32 64 816 32 48 1
addpatch 768 32 32 800 32 32 800 32 64 784 32 48 1
addpatch 768 32 32 800 32 64 768 32 64 784 32 48 1
addpatch 736 32 0 768 32 0 768 32 32 752 32 16 1
addpatch 736 32 0 768 32 32 736 32 32 752 32 16 1
addpatch 736 32 32 768 32 32 768 32 64 752 32 48 1
addpatch 736 32 32 768 32 64 736 32 64 752 32 48 1
addpatch 608 32 160 640 32 160 640 32 192 624 32 176 1
addpatch 608 32 160 640 32 192 608 32 192 624 32 176 1
addpatch 576 32 160 608 32 160 608 32 192 592 32 176 1
addpatch 576 32 160 608 32 192 576 32 192 592 32 176 1
addpatch 608 32 128 640 32 128 640 32 160 624 32 144 1
addpatch 608 32 128 640 32 160 608 32 160 624 32 144 1
addpatch 640 32 128 672 32 128 672 32 160 656 32 144 1
addpatch 640 32 128 672 32 160 640 32 160 656 32 144 1
addpatch 704 32 64 736 32 64 736 32 96 720 32 80 1
addpatch 704 32 64 736 32 96 704 32 96 720 32 80 1
addpatch 672 32 64 704 32 64 704 32 96 688 32 80 1
addpatch 672 32 64 704 32 96 672 32 96 688 32 80 1
addpatch 672 32 96 704 32 96 704 32 128 688 32 112 1
addpatch 672 32 96 704 32 128 672 32 128 688 32 112 1
addpatch 608 32 192 640 32 192 640 32 224 624 32 208 1
addpatch 608 32 192 640 32 224 608 32 224 624 32 208 1
addpatch 640 32 160 672 32 160 672 32 192 656 32 176 1
addpatch 640 32 160 672 32 192 640 32 192 656 32 176 1
addpatch 672 32 160 704 32 160 704 32 192 688 32 176 3
addpatch 672 32 160 704 32 192 672 32 192 688 32 176 3
addpatch 704 32 96 736 32 96 736 32 128 720 32 112 1
addpatch 704 32 96 736 32 128 704 32 128 720 32 112 1
addpatch 736 32 96 768 32 96 768 32 128 752 32 112 1
addpatch 736 32 96 768 32 128 736 32 128 752 32 112 1
addpatch 736 32 64 768 32 64 768 32 96 752 32 80 1
addpatch 736 32 64 768 32 96 736 32 96 752 32 80 1
addpatch 768 32 64 800 32 64 800 32 96 784 32 80 1
addpatch 768 32 64 800 32 96 768 32 96 784 32 80 1
addpatch 800 32 64 832 32 64 832 32 96 816 32 80 1
addpatch 800 32 64 832 32 96 800 32 96 816 32 80 1
addpatch 832 32 64 864 32 64 864 32 96 848 32 80 1
addpatch 832 32 64 864 32 96 832 32 96 848 32 80 1
addpatch 864 32 64 896 32 64 896 32 96 880 32 80 1
addpatch 864 32 64 896 32 96 864 32 96 880 32 80 1
addpatch 896 32 64 928 32 64 928 32 96 912 32 80 1
addpatch 896 32 64 928 32 96 896 32 96 912 32 80 1
addpatch 864 32 96 896 32 96 896 32 128 880 32 112 1
addpatch 864 32 96 896 32 128 864 32 128 880 32 112 1
addpatch 832 32 96 864 32 96 864 32 128 848 32 112 1
addpatch 832 32 96 864 32 128 832 32 128 848 32 112 1
addpatch 736 32 128 768 32 128 768 32 160 752 32 144 1
addpatch 736 32 128 768 32 160 736 32 160 752 32 144 1
addpatch 672 32 128 704 32 128 704 32 160 688 32 144 1
addpatch 672 32 128 704 32 160 672 32 160 688 32 144 1
addpatch 704 32 128 736 32 128 736 32 160 720 32 144 1
addpatch 704 32 128 736 32 160 704 32 160 720 32 144 1
addpatch 768 32 96 800 32 96 800 32 128 784 32 112 1
addpatch 768 32 96 800 32 128 768 32 128 784 32 112 1
addpatch 800 32 96 832 32 96 832 32 128 816 32 112 1
addpatch 800 32 96 832 32 128 800 32 128 816 32 112 1
addpatch 800 32 128 832 32 128 832 32 160 816 32 144 1
addpatch 800 32 128 832 32 160 800 32 160 816 32 144 1
addpatch 768 32 128 800 32 128 800 32 160 784 32 144 1
addpatch 768 32 128 800 32 160 768 32 160 784 32 144 1
addpatch 672 32 192 704 32 192 704 32 224 688 32 208 3
addpatch 672 32 192 704 32 224 672 32 224 688 32 208 3
addpatch 704 32 160 736 32 160 736 32 192 720 32 176 3
addpatch 704 32 160 736 32 192 704 32 192 720 32 176 3
addpatch 736 32 160 768 32 160 768 32 192 752 32 176 3
addpatch 736 32 160 768 32 192 736 32 192 752 32 176 3
addpatch 768 32 160 800 32 160 800 32 192 784 32 176 1
addpatch 768 32 160 800 32 192 768 32 192 784 32 176 1
addpatch 800 32 192 832 32 192 832 32 224 816 32 208 1
addpatch 800 32 192 832 32 224 800 32 224 816 32 208 1
addpatch 832 32 160 864 32 160 864 32 192 848 32 176 1
addpatch 832 32 160 864 32 192 832 32 192 848 32 176 1
addpatch 960 32 96 992 32 96 992 32 128 976 32 112 1
addpatch 960 32 96 992 32 128 960 32 128 976 32 112 1
addpatch 992 32 64 1024 32 64 1024 32 96 1008 32 80 1
addpatch 992 32 64 1024 32 96 992 32 96 1008 32 80 1
addpatch 960 32 64 992 32 64 992 32 96 976 32 80 1
addpatch 960 32 64 992 32 96 960 32 96 976 32 80 1
addpatch 928 32 64 960 32 64 960 32 96 944 32 80 1
addpatch 928 32 64 960 32 96 928 32 96 944 32 80 1
addpatch 928 32 96 960 32 96 960 32 128 944 32 112 1
addpatch 928 32 96 960 32 128 928 32 128 944 32 112 1
addpatch 864 32 128 896 32 128 896 32 160 880 32 144 1
addpatch 864 32 128 896 32 160 864 32 160 880 32 144 1
addpatch 896 32 128 928 32 128 928 32 160 912 32 144 1
addpatch 896 32 128 928 32 160 896 32 160 912 32 144 1
addpatch 928 32 128 960 32 128 960 32 160 944 32 144 1
addpatch 928 32 128 960 32 160 928 32 160 944 32 144 1
addpatch 864 32 160 896 32 160 896 32 192 880 32 176 1
addpatch 864 32 160 896 32 192 864 32 192 880 32 176 1
addpatch 736 32 288 768 32 288 768 32 320 752 32 304 3
addpatch 736 32 288 768 32 320 736 32 320 752 32 304 3
addpatch 800 32 224 832 32 224 832 32 256 816 32 240 1
addpatch 800 32 224 832 32 256 800 32 256 816 32 240 1
addpatch 832 32 192 864 32 192 864 32 224 848 32 208 1
addpatch 832 32 192 864 32 224 832 32 224 848 32 208 1
addpatch 864 32 192 896 32 192 896 32 224 880 32 208 1
addpatch 864 32 192 896 32 224 864 32 224 880 32 208 1
addpatch 832 32 224 864 32 224 864 32 256 848 32 240 1
addpatch 832 32 224 864 32 256 832 32 256 848 32 240 1
addpatch 800 32 256 832 32 256 832 32 288 816 32 272 1
addpatch 800 32 256 832 32 288 800 32 288 816 32 272 1
addpatch 768 32 256 800 32 256 800 32 288 784 32 272 1
addpatch 768 32 256 800 32 288 768 32 288 784 32 272 1
addpatch 768 32 288 800 32 288 800 32 320 784 32 304 1
addpatch 768 32 288 800 32 320 768 32 320 784 32 304 1
addpatch 736 32 320 768 32 320 768 32 352 752 32 336 3
addpatch 736 32 320 768 32 352 736 32 352 752 32 336 3
addpatch 704 32 352 736 32 352 736 32 384 720 32 368 3
addpatch 704 32 352 736 32 384 704 32 384 720 32 368 3
addpatch 672 32 352 704 32 352 704 32 384 688 32 368 3
addpatch 672 32 352 704 32 384 672 32 384 688 32 368 3
addpatch 672 32 384 704 32 384 704 32 416 688 32 400 3
addpatch 672 32 384 704 32 416 672 32 416 688 32 400 3
addpatch 608 32 416 640 32 416 640 32 448 624 32 432 1
addpatch 608 32 416 640 32 448 608 32 448 624 32 432 1
addpatch 608 32 384 640 32 384 640 32 416 624 32 400 3
addpatch 608 32 384 640 32 416 608 32 416 624 32 400 3
addpatch 832 32 128 864 32 128 864 32 160 848 32 144 1
addpatch 832 32 128 864 32 160 832 32 160 848 32 144 1
addpatch 800 32 160 832 32 160 832 32 192 816 32 176 1
addpatch 800 32 160 832 32 192 800 32 192 816 32 176 1
addpatch 768 32 192 800 32 192 800 32 224 784 32 208 1
addpatch 768 32 192 800 32 224 768 32 224 784 32 208 1
addpatch 736 32 224 768 32 224 768 32 256 752 32 240 3
addpatch 736 32 224 768 32 256 736 32 256 752 32 240 3
addpatch 640 32 352 672 32 352 672 32 384 656 32 368 3
addpatch 640 32 352 672 32 384 640 32 384 656 32 368 3
addpatch 608 32 352 640 32 352 640 32 384 624 32 368 3
addpatch 608 32 352 640 32 384 608 32 384 624 32 368 3
addpatch 736 32 192 768 32 192 768 32 224 752 32 208 3
addpatch 736 32 192 768 32 224 736 32 224 752 32 208 3
addpatch 608 32 288 640 32 288 640 32 320 624 32 304 3
addpatch 608 32 288 640 32 320 608 32 320 624 32 304 3
addpatch 736 32 256 768 32 256 768 32 288 752 32 272 3
addpatch 736 32 256 768 32 288 736 32 288 752 32 272 3
addpatch 608 32 320 640 32 320 640 32 352 624 32 336 3
addpatch 608 32 320 640 32 352 608 32 352 624 32 336 3
addpatch 608 32 256 640 32 256 640 32 288 624 32 272 3
addpatch 608 32 256 640 32 288 608 32 288 624 32 272 3
addpatch 576 32 320 608 32 320 608 32 352 592 32 336 3
addpatch 576 32 320 608 32 352 576 32 352 592 32 336 3
addpatch 640 32 192 672 32 192 672 32 224 656 32 208 3
addpatch 640 32 192 672 32 224 640 32 224 656 32 208 3
addpatch 576 32 288 608 32 288 608 32 320 592 32 304 3
addpatch 576 32 288 608 32 320 576 32 320 592 32 304 3
addpatch 640 32 224 672 32 224 672 32 256 656 32 240 3
addpatch 640 32 224 672 32 256 640 32 256 656 32 240 3
addpatch 608 32 224 640 32 224 640 32 256 624 32 240 3
addpatch 608 32 224 640 32 256 608 32 256 624 32 240 3
addpatch 576 32 256 608 32 256 608 32 288 592 32 272 1
addpatch 576 32 256 608 32 288 576 32 288 592 32 272 1
addpatch 544 32 288 576 32 288 576 32 320 560 32 304 3
addpatch 544 32 288 576 32 320 544 32 320 560 32 304 3
addpatch 512 32 288 544 32 288 544 32 320 528 32 304 1
addpatch 512 32 288 544 32 320 512 32 320 528 32 304 1
addpatch 576 32 224 608 32 224 608 32 256 592 32 240 1
addpatch 576 32 224 608 32 256 576 32 256 592 32 240 1
addpatch 576 32 192 608 32 192 608 32 224 592 32 208 1
addpatch 576 32 192 608 32 224 576 32 224 592 32 208 1
addpatch 544 32 224 576 32 224 576 32 256 560 32 240 1
addpatch 544 32 224 576 32 256 544 32 256 560 32 240 1
addpatch 512 32 224 544 32 224 544 32 256 528 32 240 1
addpatch 512 32 224 544 32 256 512 32 256 528 32 240 1
addpatch 448 32 288 480 32 288 480 32 320 464 32 304 1
addpatch 448 32 288 480 32 320 448 32 320 464 32 304 1
addpatch 352 32 384 384 32 384 384 32 416 368 32 400 1
addpatch 352 32 384 384 32 416 352 32 416 368 32 400 1
addpatch 352 32 416 384 32 416 384 32 448 368 32 432 1
addpatch 352 32 416 384 32 448 352 32 448 368 32 432 1
addpatch 384 32 384 416 32 384 416 32 416 400 32 400 1
addpatch 384 32 384 416 32 416 384 32 416 400 32 400 1
addpatch 416 32 352 448 32 352 448 32 384 432 32 368 1
addpatch 416 32 352 448 32 384 416 32 384 432 32 368 1
addpatch 480 32 320 512 32 320 512 32 352 496 32 336 1
addpatch 480 32 320 512 32 352 480 32 352 496 32 336 1
addpatch 544 32 256 576 32 256 576 32 288 560 32 272 1
addpatch 544 32 256 576 32 288 544 32 288 560 32 272 1
addpatch 512 32 256 544 32 256 544 32 288 528 32 272 1
addpatch 512 32 256 544 32 288 512 32 288 528 32 272 1
addpatch 480 32 288 512 32 288 512 32 320 496 32 304 1
addpatch 480 32 288 512 32 320 480 32 320 496 32 304 1
addpatch 448 32 320 480 32 320 480 32 352 464 32 336 1
addpatch 448 32 320 480 32 352 448 32 352 464 32 336 1
addpatch 320 32 512 352 32 512 352 32 544 336 32 528 1
addpatch 320 32 512 352 32 544 320 32 544 336 32 528 1
addpatch 448 32 352 480 32 352 480 32 384 464 32 368 1
addpatch 448 32 352 480 32 384 448 32 384 464 32 368 1
addpatch 416 32 384 448 32 384 448 32 416 432 32 400 1
addpatch 416 32 384 448 32 416 416 32 416 432 32 400 1
addpatch 384 32 416 416 32 416 416 32 448 400 32 432 1
addpatch 384 32 416 416 32 448 384 32 448 400 32 432 1
addpatch 192 32 608 224 32 608 224 32 640 208 32 624 1
addpatch 192 32 608 224 32 640 192 32 640 208 32 624 1
addpatch 256 32 544 288 32 544 288 32 576 272 32 560 1
addpatch 256 32 544 288 32 576 256 32 576 272 32 560 1
addpatch 320 32 480 352 32 480 352 32 512 336 32 496 1
addpatch 320 32 480 352 32 512 320 32 512 336 32 496 1
addpatch 320 32 448 352 32 448 352 32 480 336 32 464 1
addpatch 320 32 448 352 32 480 320 32 480 336 32 464 1
addpatch 288 32 480 320 32 480 320 32 512 304 32 496 1
addpatch 288 32 480 320 32 512 288 32 512 304 32 496 1
addpatch 256 32 512 288 32 512 288 32 544 272 32 528 1
addpatch 256 32 512 288 32 544 256 32 544 272 32 528 1
addpatch 224 32 544 256 32 544 256 32 576 240 32 560 1
addpatch 224 32 544 256 32 576 224 32 576 240 32 560 1
addpatch 192 32 544 224 32 544 224 32 576 208 32 560 1
addpatch 192 32 544 224 32 576 192 32 576 208 32 560 1
addpatch 192 32 576 224 32 576 224 32 608 208 32 592 1
addpatch 192 32 576 224 32 608 192 32 608 208 32 592 1
addpatch 160 32 608 192 32 608 192 32 640 176 32 624 1
addpatch 160 32 608 192 32 640 160 32 640 176 32 624 1
addpatch 128 32 640 160 32 640 160 32 672 144 32 656 1
addpatch 128 32 640 160 32 672 128 32 672 144 32 656 1
addpatch 96 32 672 128 32 672 128 32 704 112 32 688 1
addpatch 96 32 672 128 32 704 96 32 704 112 32 688 1
addpatch 224 32 576 256 32 576 256 32 608 240 32 592 1
addpatch 224 32 576 256 32 608 224 32 608 240 32 592 1
addpatch 288 32 512 320 32 512 320 32 544 304 32 528 1
addpatch 288 32 512 320 32 544 288 32 544 304 32 528 1
addpatch 352 32 480 384 32 480 384 32 512 368 32 496 1
addpatch 352 32 480 384 32 512 352 32 512 368 32 496 1
addpatch 352 32 448 384 32 448 384 32 480 368 32 464 1
addpatch 352 32 448 384 32 480 352 32 480 368 32 464 1
addpatch 416 32 416 448 32 416 448 32 448 432 32 432 1
addpatch 416 32 416 448 32 448 416 32 448 432 32 432 1
addpatch 480 32 352 512 32 352 512 32 384 496 32 368 1
addpatch 480 32 352 512 32 384 480 32 384 496 32 368 1
addpatch 512 32 320 544 32 320 544 32 352 528 32 336 1
addpatch 512 32 320 544 32 352 512 32 352 528 32 336 1
addpatch 544 32 320 576 32 320 576 32 352 560 32 336 3
addpatch 544 32 320 576 32 352 544 32 352 560 32 336 3
addpatch 512 32 352 544 32 352 544 32 384 528 32 368 3
addpatch 512 32 352 544 32 384 512 32 384 528 32 368 3
addpatch 384 32 448 416 32 448 416 32 480 400 32 464 1
addpatch 384 32 448 416 32 480 384 32 480 400 32 464 1
addpatch 544 32 352 576 32 352 576 32 384 560 32 368 3
addpatch 544 32 352 576 32 384 544 32 384 560 32 368 3
addpatch 576 32 352 608 32 352 608 32 384 592 32 368 3
addpatch 576 32 352 608 32 384 576 32 384 592 32 368 3
addpatch 448 32 384 480 32 384 480 32 416 464 32 400 1
addpatch 448 32 384 480 32 416 448 32 416 464 32 400 1
addpatch 480 32 384 512 32 384 512 32 416 496 32 400 1
addpatch 480 32 384 512 32 416 480 32 416 496 32 400 1
addpatch 512 32 384 544 32 384 544 32 416 528 32 400 1
addpatch 512 32 384 544 32 416 512 32 416 528 32 400 1
addpatch 576 32 384 608 32 384 608 32 416 592 32 400 3
addpatch 576 32 384 608 32 416 576 32 416 592 32 400 3
addpatch 544 32 384 576 32 384 576 32 416 560 32 400 1
addpatch 544 32 384 576 32 416 544 32 416 560 32 400 1
addpatch 576 32 416 608 32 416 608 32 448 592 32 432 1
addpatch 576 32 416 608 32 448 576 32 448 592 32 432 1
addpatch 544 32 416 576 32 416 576 32 448 560 32 432 1
addpatch 544 32 416 576 32 448 544 32 448 560 32 432 1
addpatch 448 32 416 480 32 416 480 32 448 464 32 432 1
addpatch 448 32 416 480 32 448 448 32 448 464 32 432 1
addpatch 448 32 448 480 32 448 480 32 480 464 32 464 1
addpatch 448 32 448 480 32 480 448 32 480 464 32 464 1
addpatch 448 32 480 480 32 480 480 32 512 464 32 496 1
addpatch 448 32 480 480 32 512 448 32 512 464 32 496 1
addpatch 480 32 480 512 32 480 512 32 512 496 32 496 1
addpatch 480 32 480 512 32 512 480 32 512 496 32 496 1
addpatch 480 32 448 512 32 448 512 32 480 496 32 464 1
addpatch 480 32 448 512 32 480 480 32 480 496 32 464 1
addpatch 512 32 448 544 32 448 544 32 480 528 32 464 1
addpatch 512 32 448 544 32 480 512 32 480 528 32 464 1
addpatch 512 32 416 544 32 416 544 32 448 528 32 432 1
addpatch 512 32 416 544 32 448 512 32 448 528 32 432 1
addpatch 480 32 416 512 32 416 512 32 448 496 32 432 1
addpatch 480 32 416 512 32 448 480 32 448 496 32 432 1
addpatch 416 32 448 448 32 448 448 32 480 432 32 464 1
addpatch 416 32 448 448 32 480 416 32 480 432 32 464 1
addpatch 512 32 480 544 32 480 544 32 512 528 32 496 1
addpatch 512 32 480 544 32 512 512 32 512 528 32 496 1
addpatch 544 32 480 576 32 480 576 32 512 560 32 496 6
addpatch 544 32 480 576 32 512 544 32 512 560 32 496 6
addpatch 544 32 448 576 32 448 576 32 480 560 32 464 6
addpatch 544 32 448 576 32 480 544 32 480 560 32 464 6
addpatch 448 32 608 480 32 608 480 32 640 464 32 624 1
addpatch 448 32 608 480 32 640 448 32 640 464 32 624 1
addpatch 576 32 480 608 32 480 608 32 512 592 32 496 6
addpatch 576 32 480 608 32 512 576 32 512 592 32 496 6
addpatch 544 32 512 576 32 512 576 32 544 560 32 528 1
addpatch 544 32 512 576 32 544 544 32 544 560 32 528 1
addpatch 512 32 512 544 32 512 544 32 544 528 32 528 1
addpatch 512 32 512 544 32 544 512 32 544 528 32 528 1
addpatch 512 32 544 544 32 544 544 32 576 528 32 560 1
addpatch 512 32 544 544 32 576 512 32 576 528 32 560 1
addpatch 480 32 576 512 32 576 512 32 608 496 32 592 1
addpatch 480 32 576 512 32 608 480 32 608 496 32 592 1
addpatch 480 32 544 512 32 544 512 32 576 496 32 560 1
addpatch 480 32 544 512 32 576 480 32 576 496 32 560 1
addpatch 448 32 544 480 32 544 480 32 576 464 32 560 1
addpatch 448 32 544 480 32 576 448 32 576 464 32 560 1
addpatch 384 32 544 416 32 544 416 32 576 400 32 560 5
addpatch 384 32 544 416 32 576 384 32 576 400 32 560 5
addpatch 416 32 544 448 32 544 448 32 576 432 32 560 1
addpatch 416 32 544 448 32 576 416 32 576 432 32 560 1
addpatch 480 32 512 512 32 512 512 32 544 496 32 528 1
addpatch 480 32 512 512 32 544 480 32 544 496 32 528 1
addpatch 448 32 512 480 32 512 480 32 544 464 32 528 1
addpatch 448 32 512 480 32 544 448 32 544 464 32 528 1
addpatch 416 32 512 448 32 512 448 32 544 432 32 528 1
addpatch 416 32 512 448 32 544 416 32 544 432 32 528 1
addpatch 416 32 480 448 32 480 448 32 512 432 32 496 1
addpatch 416 32 480 448 32 512 416 32 512 432 32 496 1
addpatch 384 32 480 416 32 480 416 32 512 400 32 496 1
addpatch 384 32 480 416 32 512 384 32 512 400 32 496 1
addpatch 384 32 512 416 32 512 416 32 544 400 32 528 5
addpatch 384 32 512 416 32 544 384 32 544 400 32 528 5
addpatch 352 32 512 384 32 512 384 32 544 368 32 528 5
addpatch 352 32 512 384 32 544 352 32 544 368 32 528 5
addpatch 288 32 544 320 32 544 320 32 576 304 32 560 1
addpatch 288 32 544 320 32 576 288 32 576 304 32 560 1
addpatch 352 32 544 384 32 544 384 32 576 368 32 560 5
addpatch 352 32 544 384 32 576 352 32 576 368 32 560 5
addpatch 320 32 544 352 32 544 352 32 576 336 32 560 1
addpatch 320 32 544 352 32 576 320 32 576 336 32 560 1
addpatch 256 32 576 288 32 576 288 32 608 272 32 592 1
addpatch 256 32 576 288 32 608 256 32 608 272 32 592 1
addpatch 384 32 576 416 32 576 416 32 608 400 32 592 1
addpatch 384 32 576 416 32 608 384 32 608 400 32 592 1
addpatch 288 32 576 320 32 576 320 32 608 304 32 592 1
addpatch 288 32 576 320 32 608 288 32 608 304 32 592 1
addpatch 320 32 576 352 32 576 352 32 608 336 32 592 1
addpatch 320 32 576 352 32 608 320 32 608 336 32 592 1
addpatch 352 32 576 384 32 576 384 32 608 368 32 592 1
addpatch 352 32 576 384 32 608 352 32 608 368 32 592 1
addpatch 352 32 608 384 32 608 384 32 640 368 32 624 1
addpatch 352 32 608 384 32 640 352 32 640 368 32 624 1
addpatch 320 32 608 352 32 608 352 32 640 336 32 624 1
addpatch 320 32 608 352 32 640 320 32 640 336 32 624 1
addpatch 288 32 640 320 32 640 320 32 672 304 32 656 1
addpatch 288 32 640 320 32 672 288 32 672 304 32 656 1
addpatch 256 32 640 288 32 640 288 32 672 272 32 656 1
addpatch 256 32 640 288 32 672 256 32 672 272 32 656 1
addpatch 288 32 608 320 32 608 320 32 640 304 32 624 1
addpatch 288 32 608 320 32 640 288 32 640 304 32 624 1
addpatch 256 32 608 288 32 608 288 32 640 272 32 624 1
addpatch 256 32 608 288 32 640 256 32 640 272 32 624 1
addpatch 224 32 608 256 32 608 256 32 640 240 32 624 1
addpatch 224 32 608 256 32 640 224 32 640 240 32 624 1
addpatch 224 32 640 256 32 640 256 32 672 240 32 656 1
addpatch 224 32 640 256 32 672 224 32 672 240 32 656 1
addpatch 192 32 640 224 32 640 224 32 672 208 32 656 1
addpatch 192 32 640 224 32 672 192 32 672 208 32 656 1
addpatch 160 32 640 192 32 640 192 32 672 176 32 656 1
addpatch 160 32 640 192 32 672 160 32 672 176 32 656 1
addpatch 160 32 672 192 32 672 192 32 704 176 32 688 1
addpatch 160 32 672 192 32 704 160 32 704 176 32 688 1
addpatch 128 32 672 160 32 672 160 32 704 144 32 688 1
addpatch 128 32 672 160 32 704 128 32 704 144 32 688 1
addpatch 96 32 704 128 32 704 128 32 736 112 32 720 1
addpatch 96 32 704 128 32 736 96 32 736 112 32 720 1
addpatch 64 32 704 96 32 704 96 32 736 80 32 720 1
addpatch 64 32 704 96 32 736 64 32 736 80 32 720 1
addpatch 32 32 736 64 32 736 64 32 768 48 32 752 1
addpatch 32 32 736 64 32 768 32 32 768 48 32 752 1
addpatch 160 32 704 192 32 704 192 32 736 176 32 720 1
addpatch 160 32 704 192 32 736 160 32 736 176 32 720 1
addpatch 64 32 736 96 32 736 96 32 768 80 32 752 1
addpatch 64 32 736 96 32 768 64 32 768 80 32 752 1
addpatch 96 32 736 128 32 736 128 32 768 112 32 752 1
addpatch 96 32 736 128 32 768 96 32 768 112 32 752 1
addpatch 128 32 704 160 32 704 160 32 736 144 32 720 1
addpatch 128 32 704 160 32 736 128 32 736 144 32 720 1
addpatch 288 32 672 320 32 672 320 32 704 304 32 688 1
addpatch 288 32 672 320 32 704 288 32 704 304 32 688 1
addpatch 256 32 672 288 32 672 288 32 704 272 32 688 1
addpatch 256 32 672 288 32 704 256 32 704 272 32 688 1
addpatch 224 32 672 256 32 672 256 32 704 240 32 688 1
addpatch 224 32 672 256 32 704 224 32 704 240 32 688 1
addpatch 192 32 672 224 32 672 224 32 704 208 32 688 1
addpatch 192 32 672 224 32 704 192 32 704 208 32 688 1
addpatch 192 32 704 224 32 704 224 32 736 208 32 720 1
addpatch 192 32 704 224 32 736 192 32 736 208 32 720 1
addpatch 224 32 704 256 32 704 256 32 736 240 32 720 1
addpatch 224 32 704 256 32 736 224 32 736 240 32 720 1
addpatch 256 32 704 288 32 704 288 32 736 272 32 720 1
addpatch 256 32 704 288 32 736 256 32 736 272 32 720 1
addpatch 320 32 640 352 32 640 352 32 672 336 32 656 1
addpatch 320 32 640 352 32 672 320 32 672 336 32 656 1
addpatch 320 32 672 352 32 672 352 32 704 336 32 688 1
addpatch 320 32 672 352 32 704 320 32 704 336 32 688 1
addpatch 288 32 704 320 32 704 320 32 736 304 32 720 1
addpatch 288 32 704 320 32 736 288 32 736 304 32 720 1
addpatch 352 32 640 384 32 640 384 32 672 368 32 656 1
addpatch 352 32 640 384 32 672 352 32 672 368 32 656 1
addpatch 384 32 608 416 32 608 416 32 640 400 32 624 1
addpatch 384 32 608 416 32 640 384 32 640 400 32 624 1
addpatch 416 32 576 448 32 576 448 32 608 432 32 592 1
addpatch 416 32 576 448 32 608 416 32 608 432 32 592 1
addpatch 448 32 576 480 32 576 480 32 608 464 32 592 1
addpatch 448 32 576 480 32 608 448 32 608 464 32 592 1
addpatch 352 32 672 384 32 672 384 32 704 368 32 688 1
addpatch 352 32 672 384 32 704 352 32 704 368 32 688 1
addpatch 384 32 640 416 32 640 416 32 672 400 32 656 1
addpatch 384 32 640 416 32 672 384 32 672 400 32 656 1
addpatch 416 32 640 448 32 640 448 32 672 432 32 656 1
addpatch 416 32 640 448 32 672 416 32 672 432 32 656 1
addpatch 416 32 608 448 32 608 448 32 640 432 32 624 1
addpatch 416 32 608 448 32 640 416 32 640 432 32 624 1
addpatch 576 32 448 608 32 448 608 32 480 592 32 464 6
addpatch 576 32 448 608 32 480 576 32 480 592 32 464 6
addpatch 608 32 448 640 32 448 640 32 480 624 32 464 1
addpatch 608 32 448 640 32 480 608 32 480 624 32 464 1
addpatch 640 32 416 672 32 416 672 32 448 656 32 432 3
addpatch 640 32 416 672 32 448 640 32 448 656 32 432 3
addpatch 640 32 384 672 32 384 672 32 416 656 32 400 3
addpatch 640 32 384 672 32 416 640 32 416 656 32 400 3
addpatch 992 32 0 1024 32 0 1024 32 32 1008 32 16 1
addpatch 992 32 0 1024 32 32 992 32 32 1008 32 16 1
addpatch 1024 32 0 1056 32 0 1056 32 32 1040 32 16 1
addpatch 1024 32 0 1056 32 32 1024 32 32 1040 32 16 1
addpatch 1056 32 0 1088 32 0 1088 32 32 1072 32 16 1
addpatch 1056 32 0 1088 32 32 1056 32 32 1072 32 16 1
addpatch 1024 32 32 1056 32 32 1056 32 64 1040 32 48 1
addpatch 1024 32 32 1056 32 64 1024 32 64 1040 32 48 1
addpatch 1056 32 32 1088 32 32 1088 32 64 1072 32 48 1
addpatch 1056 32 32 1088 32 64 1056 32 64 1072 32 48 1
addpatch 992 32 128 1024 32 128 1024 32 160 1008 32 144 1
addpatch 992 32 128 1024 32 160 992 32 160 1008 32 144 1
addpatch 1024 32 64 1056 32 64 1056 32 96 1040 32 80 1
addpatch 1024 32 64 1056 32 96 1024 32 96 1040 32 80 1
addpatch 992 32 96 1024 32 96 1024 32 128 1008 32 112 1
addpatch 992 32 96 1024 32 128 992 32 128 1008 32 112 1
addpatch 960 32 128 992 32 128 992 32 160 976 32 144 1
addpatch 960 32 128 992 32 160 960 32 160 976 32 144 1
addpatch 1088 32 0 1120 32 0 1120 32 32 1104 32 16 1
addpatch 1088 32 0 1120 32 32 1088 32 32 1104 32 16 1
addpatch 1120 32 0 1152 32 0 1152 32 32 1136 32 16 1
addpatch 1120 32 0 1152 32 32 1120 32 32 1136 32 16 1
addpatch 1088 32 32 1120 32 32 1120 32 64 1104 32 48 1
addpatch 1088 32 32 1120 32 64 1088 32 64 1104 32 48 1
addpatch 1056 32 64 1088 32 64 1088 32 96 1072 32 80 1
addpatch 1056 32 64 1088 32 96 1056 32 96 1072 32 80 1
addpatch 1024 32 96 1056 32 96 1056 32 128 1040 32 112 1
addpatch 1024 32 96 1056 32 128 1024 32 128 1040 32 112 1
addpatch 960 32 160 992 32 160 992 32 192 976 32 176 1
addpatch 960 32 160 992 32 192 960 32 192 976 32 176 1
addpatch 928 32 160 960 32 160 960 32 192 944 32 176 1
addpatch 928 32 160 960 32 192 928 32 192 944 32 176 1
addpatch 896 32 160 928 32 160 928 32 192 912 32 176 1
addpatch 896 32 160 928 32 192 896 32 192 912 32 176 1
addpatch 928 32 192 960 32 192 960 32 224 944 32 208 1
addpatch 928 32 192 960 32 224 928 32 224 944 32 208 1
addpatch 896 32 192 928 32 192 928 32 224 912 32 208 1
addpatch 896 32 192 928 32 224 896 32 224 912 32 208 1
addpatch 864 32 224 896 32 224 896 32 256 880 32 240 1
addpatch 864 32 224 896 32 256 864 32 256 880 32 240 1
addpatch 832 32 256 864 32 256 864 32 288 848 32 272 1
addpatch 832 32 256 864 32 288 832 32 288 848 32 272 1
addpatch 768 32 320 800 32 320 800 32 352 784 32 336 1
addpatch 768 32 320 800 32 352 768 32 352 784 32 336 1
addpatch 800 32 288 832 32 288 832 32 320 816 32 304 1
addpatch 800 32 288 832 32 320 800 32 320 816 32 304 1
addpatch 864 32 256 896 32 256 896 32 288 880 32 272 1
addpatch 864 32 256 896 32 288 864 32 288 880 32 272 1
addpatch 896 32 224 928 32 224 928 32 256 912 32 240 1
addpatch 896 32 224 928 32 256 896 32 256 912 32 240 1
addpatch 832 32 288 864 32 288 864 32 320 848 32 304 1
addpatch 832 32 288 864 32 320 832 32 320 848 32 304 1
addpatch 800 32 320 832 32 320 832 32 352 816 32 336 1
addpatch 800 32 320 832 32 352 800 32 352 816 32 336 1
addpatch 768 32 352 800 32 352 800 32 384 784 32 368 1
addpatch 768 32 352 800 32 384 768 32 384 784 32 368 1
addpatch 704 32 416 736 32 416 736 32 448 720 32 432 3
addpatch 704 32 416 736 32 448 704 32 448 720 32 432 3
addpatch 704 32 384 736 32 384 736 32 416 720 32 400 3
addpatch 704 32 384 736 32 416 704 32 416 720 32 400 3
addpatch 736 32 352 768 32 352 768 32 384 752 32 368 1
addpatch 736 32 352 768 32 384 736 32 384 752 32 368 1
addpatch 736 32 384 768 32 384 768 32 416 752 32 400 1
addpatch 736 32 384 768 32 416 736 32 416 752 32 400 1
addpatch 608 32 480 640 32 480 640 32 512 624 32 496 1
addpatch 608 32 480 640 32 512 608 32 512 624 32 496 1
addpatch 672 32 448 704 32 448 704 32 480 688 32 464 3
addpatch 672 32 448 704 32 480 672 32 480 688 32 464 3
addpatch 640 32 448 672 32 448 672 32 480 656 32 464 3
addpatch 640 32 448 672 32 480 640 32 480 656 32 464 3
addpatch 640 32 480 672 32 480 672 32 512 656 32 496 1
addpatch 640 32 480 672 32 512 640 32 512 656 32 496 1
addpatch 608 32 512 640 32 512 640 32 544 624 32 528 1
addpatch 608 32 512 640 32 544 608 32 544 624 32 528 1
addpatch 576 32 544 608 32 544 608 32 576 592 32 560 1
addpatch 576 32 544 608 32 576 576 32 576 592 32 560 1
addpatch 480 32 608 512 32 608 512 32 640 496 32 624 1
addpatch 480 32 608 512 32 640 480 32 640 496 32 624 1
addpatch 576 32 512 608 32 512 608 32 544 592 32 528 1
addpatch 576 32 512 608 32 544 576 32 544 592 32 528 1
addpatch 544 32 544 576 32 544 576 32 576 560 32 560 1
addpatch 544 32 544 576 32 576 544 32 576 560 32 560 1
addpatch 512 32 576 544 32 576 544 32 608 528 32 592 1
addpatch 512 32 576 544 32 608 512 32 608 528 32 592 1
addpatch 544 32 576 576 32 576 576 32 608 560 32 592 1
addpatch 544 32 576 576 32 608 544 32 608 560 32 592 1
addpatch 512 32 608 544 32 608 544 32 640 528 32 624 1
addpatch 512 32 608 544 32 640 512 32 640 528 32 624 1
addpatch 448 32 640 480 32 640 480 32 672 464 32 656 1
addpatch 448 32 640 480 32 672 448 32 672 464 32 656 1
addpatch 480 32 640 512 32 640 512 32 672 496 32 656 1
addpatch 480 32 640 512 32 672 480 32 672 496 32 656 1
addpatch 448 32 672 480 32 672 480 32 704 464 32 688 1
addpatch 448 32 672 480 32 704 448 32 704 464 32 688 1
addpatch 288 32 832 320 32 832 320 32 864 304 32 848 1
addpatch 288 32 832 320 32 864 288 32 864 304 32 848 1
addpatch 416 32 704 448 32 704 448 32 736 432 32 720 1
addpatch 416 32 704 448 32 736 416 32 736 432 32 720 1
addpatch 384 32 736 416 32 736 416 32 768 400 32 752 1
addpatch 384 32 736 416 32 768 384 32 768 400 32 752 1
addpatch 352 32 768 384 32 768 384 32 800 368 32 784 1
addpatch 352 32 768 384 32 800 352 32 800 368 32 784 1
addpatch 320 32 800 352 32 800 352 32 832 336 32 816 1
addpatch 320 32 800 352 32 832 320 32 832 336 32 816 1
addpatch 256 32 832 288 32 832 288 32 864 272 32 848 1
addpatch 256 32 832 288 32 864 256 32 864 272 32 848 1
addpatch 384 32 672 416 32 672 416 32 704 400 32 688 1
addpatch 384 32 672 416 32 704 384 32 704 400 32 688 1
addpatch 416 32 672 448 32 672 448 32 704 432 32 688 1
addpatch 416 32 672 448 32 704 416 32 704 432 32 688 1
addpatch 384 32 704 416 32 704 416 32 736 400 32 720 1
addpatch 384 32 704 416 32 736 384 32 736 400 32 720 1
addpatch 352 32 736 384 32 736 384 32 768 368 32 752 1
addpatch 352 32 736 384 32 768 352 32 768 368 32 752 1
addpatch 288 32 800 320 32 800 320 32 832 304 32 816 1
addpatch 288 32 800 320 32 832 288 32 832 304 32 816 1
addpatch 256 32 800 288 32 800 288 32 832 272 32 816 1
addpatch 256 32 800 288 32 832 256 32 832 272 32 816 1
addpatch 288 32 768 320 32 768 320 32 800 304 32 784 1
addpatch 288 32 768 320 32 800 288 32 800 304 32 784 1
addpatch 288 32 736 320 32 736 320 32 768 304 32 752 1
addpatch 288 32 736 320 32 768 288 32 768 304 32 752 1
addpatch 320 32 704 352 32 704 352 32 736 336 32 720 1
addpatch 320 32 704 352 32 736 320 32 736 336 32 720 1
addpatch 320 32 768 352 32 768 352 32 800 336 32 784 1
addpatch 320 32 768 352 32 800 320 32 800 336 32 784 1
addpatch 320 32 736 352 32 736 352 32 768 336 32 752 1
addpatch 320 32 736 352 32 768 320 32 768 336 32 752 1
addpatch 352 32 704 384 32 704 384 32 736 368 32 720 1
addpatch 352 32 704 384 32 736 352 32 736 368 32 720 1
addpatch 256 32 864 288 32 864 288 32 896 272 32 880 1
addpatch 256 32 864 288 32 896 256 32 896 272 32 880 1
addpatch 224 32 864 256 32 864 256 32 896 240 32 880 1
addpatch 224 32 864 256 32 896 224 32 896 240 32 880 1
addpatch 224 32 896 256 32 896 256 32 928 240 32 912 1
addpatch 224 32 896 256 32 928 224 32 928 240 32 912 1
addpatch 192 32 928 224 32 928 224 32 960 208 32 944 1
addpatch 192 32 928 224 32 960 192 32 960 208 32 944 1
addpatch 160 32 960 192 32 960 192 32 992 176 32 976 1
addpatch 160 32 960 192 32 992 160 32 992 176 32 976 1
addpatch 128 32 992 160 32 992 160 32 1024 144 32 1008 1
addpatch 128 32 992 160 32 1024 128 32 1024 144 32 1008 1
addpatch 96 32 1024 128 32 1024 128 32 1056 112 32 1040 1
addpatch 96 32 1024 128 32 1056 96 32 1056 112 32 1040 1
addpatch 0 32 1120 32 32 1120 32 32 1152 16 32 1136 1
addpatch 0 32 1120 32 32 1152 0 32 1152 16 32 1136 1
addpatch 0 32 1088 32 32 1088 32 32 1120 16 32 1104 1
addpatch 0 32 1088 32 32 1120 0 32 1120 16 32 1104 1
addpatch 0 32 896 32 32 896 32 32 928 16 32 912 1
addpatch 0 32 896 32 32 928 0 32 928 16 32 912 1
addpatch 0 32 864 32 32 864 32 32 896 16 32 880 1
addpatch 0 32 864 32 32 896 0 32 896 16 32 880 1
addpatch 0 32 832 32 32 832 32 32 864 16 32 848 1
addpatch 0 32 832 32 32 864 0 32 864 16 32 848 1
addpatch 0 32 800 32 32 800 32 32 832 16 32 816 1
addpatch 0 32 800 32 32 832 0 32 832 16 32 816 1
addpatch 0 32 768 32 32 768 32 32 800 16 32 784 1
addpatch 0 32 768 32 32 800 0 32 800 16 32 784 1
addpatch 32 32 768 64 32 768 64 32 800 48 32 784 1
addpatch 32 32 768 64 32 800 32 32 800 48 32 784 1
addpatch 0 32 928 32 32 928 32 32 960 16 32 944 1
addpatch 0 32 928 32 32 960 0 32 960 16 32 944 1
addpatch 0 32 960 32 32 960 32 32 992 16 32 976 1
addpatch 0 32 960 32 32 992 0 32 992 16 32 976 1
addpatch 0 32 992 32 32 992 32 32 1024 16 32 1008 1
addpatch 0 32 992 32 32 1024 0 32 1024 16 32 1008 1
addpatch 0 32 1024 32 32 1024 32 32 1056 16 32 1040 1
addpatch 0 32 1024 32 32 1056 0 32 1056 16 32 1040 1
addpatch 0 32 1056 32 32 1056 32 32 1088 16 32 1072 1
addpatch 0 32 1056 32 32 1088 0 32 1088 16 32 1072 1
addpatch 32 32 1088 64 32 1088 64 32 1120 48 32 1104 1
addpatch 32 32 1088 64 32 1120 32 32 1120 48 32 1104 1
addpatch 32 32 1024 64 32 1024 64 32 1056 48 32 1040 1
addpatch 32 32 1024 64 32 1056 32 32 1056 48 32 1040 1
addpatch 32 32 992 64 32 992 64 32 1024 48 32 1008 1
addpatch 32 32 992 64 32 1024 32 32 1024 48 32 1008 1
addpatch 32 32 960 64 32 960 64 32 992 48 32 976 1
addpatch 32 32 960 64 32 992 32 32 992 48 32 976 1
addpatch 32 32 928 64 32 928 64 32 960 48 32 944 1
addpatch 32 32 928 64 32 960 32 32 960 48 32 944 1
addpatch 32 32 896 64 32 896 64 32 928 48 32 912 1
addpatch 32 32 896 64 32 928 32 32 928 48 32 912 1
addpatch 32 32 864 64 32 864 64 32 896 48 32 880 1
addpatch 32 32 864 64 32 896 32 32 896 48 32 880 1
addpatch 64 32 768 96 32 768 96 32 800 80 32 784 1
addpatch 64 32 768 96 32 800 64 32 800 80 32 784 1
addpatch 32 32 800 64 32 800 64 32 832 48 32 816 1
addpatch 32 32 800 64 32 832 32 32 832 48 32 816 1
addpatch 32 32 832 64 32 832 64 32 864 48 32 848 1
addpatch 32 32 832 64 32 864 32 32 864 48 32 848 1
addpatch 96 32 800 128 32 800 128 32 832 112 32 816 1
addpatch 96 32 800 128 32 832 96 32 832 112 32 816 1
addpatch 96 32 768 128 32 768 128 32 800 112 32 784 1
addpatch 96 32 768 128 32 800 96 32 800 112 32 784 1
addpatch 128 32 768 160 32 768 160 32 800 144 32 784 1
addpatch 128 32 768 160 32 800 128 32 800 144 32 784 1
addpatch 128 32 736 160 32 736 160 32 768 144 32 752 1
addpatch 128 32 736 160 32 768 128 32 768 144 32 752 1
addpatch 160 32 736 192 32 736 192 32 768 176 32 752 1
addpatch 160 32 736 192 32 768 160 32 768 176 32 752 1
addpatch 160 32 768 192 32 768 192 32 800 176 32 784 1
addpatch 160 32 768 192 32 800 160 32 800 176 32 784 1
addpatch 192 32 736 224 32 736 224 32 768 208 32 752 1
addpatch 192 32 736 224 32 768 192 32 768 208 32 752 1
addpatch 224 32 736 256 32 736 256 32 768 240 32 752 1
addpatch 224 32 736 256 32 768 224 32 768 240 32 752 1
addpatch 256 32 736 288 32 736 288 32 768 272 32 752 1
addpatch 256 32 736 288 32 768 256 32 768 272 32 752 1
addpatch 256 32 768 288 32 768 288 32 800 272 32 784 1
addpatch 256 32 768 288 32 800 256 32 800 272 32 784 1
addpatch 224 32 800 256 32 800 256 32 832 240 32 816 1
addpatch 224 32 800 256 32 832 224 32 832 240 32 816 1
addpatch 224 32 832 256 32 832 256 32 864 240 32 848 1
addpatch 224 32 832 256 32 864 224 32 864 240 32 848 1
addpatch 192 32 864 224 32 864 224 32 896 208 32 880 1
addpatch 192 32 864 224 32 896 192 32 896 208 32 880 1
addpatch 128 32 928 160 32 928 160 32 960 144 32 944 1
addpatch 128 32 928 160 32 960 128 32 960 144 32 944 1
addpatch 160 32 928 192 32 928 192 32 960 176 32 944 1
addpatch 160 32 928 192 32 960 160 32 960 176 32 944 1
addpatch 192 32 896 224 32 896 224 32 928 208 32 912 1
addpatch 192 32 896 224 32 928 192 32 928 208 32 912 1
addpatch 128 32 960 160 32 960 160 32 992 144 32 976 1
addpatch 128 32 960 160 32 992 128 32 992 144 32 976 1
addpatch 96 32 992 128 32 992 128 32 1024 112 32 1008 1
addpatch 96 32 992 128 32 1024 96 32 1024 112 32 1008 1
addpatch 64 32 1056 96 32 1056 96 32 1088 80 32 1072 1
addpatch 64 32 1056 96 32 1088 64 32 1088 80 32 1072 1
addpatch 32 32 1056 64 32 1056 64 32 1088 48 32 1072 1
addpatch 32 32 1056 64 32 1088 32 32 1088 48 32 1072 1
addpatch 64 32 1024 96 32 1024 96 32 1056 80 32 1040 1
addpatch 64 32 1024 96 32 1056 64 32 1056 80 32 1040 1
addpatch 64 32 992 96 32 992 96 32 1024 80 32 1008 1
addpatch 64 32 992 96 32 1024 64 32 1024 80 32 1008 1
addpatch 96 32 960 128 32 960 128 32 992 112 32 976 1
addpatch 96 32 960 128 32 992 96 32 992 112 32 976 1
addpatch 64 32 896 96 32 896 96 32 928 80 32 912 1
addpatch 64 32 896 96 32 928 64 32 928 80 32 912 1
addpatch 64 32 960 96 32 960 96 32 992 80 32 976 1
addpatch 64 32 960 96 32 992 64 32 992 80 32 976 1
addpatch 64 32 928 96 32 928 96 32 960 80 32 944 1
addpatch 64 32 928 96 32 960 64 32 960 80 32 944 1
addpatch 64 32 864 96 32 864 96 32 896 80 32 880 1
addpatch 64 32 864 96 32 896 64 32 896 80 32 880 1
addpatch 64 32 832 96 32 832 96 32 864 80 32 848 1
addpatch 64 32 832 96 32 864 64 32 864 80 32 848 1
addpatch 64 32 800 96 32 800 96 32 832 80 32 816 1
addpatch 64 32 800 96 32 832 64 32 832 80 32 816 1
addpatch 96 32 928 128 32 928 128 32 960 112 32 944 1
addpatch 96 32 928 128 32 960 96 32 960 112 32 944 1
addpatch 96 32 896 128 32 896 128 32 928 112 32 912 1
addpatch 96 32 896 128 32 928 96 32 928 112 32 912 1
addpatch 96 32 864 128 32 864 128 32 896 112 32 880 1
addpatch 96 32 864 128 32 896 96 32 896 112 32 880 1
addpatch 96 32 832 128 32 832 128 32 864 112 32 848 1
addpatch 96 32 832 128 32 864 96 32 864 112 32 848 1
addpatch 128 32 800 160 32 800 160 32 832 144 32 816 1
addpatch 128 32 800 160 32 832 128 32 832 144 32 816 1
addpatch 128 32 864 160 32 864 160 32 896 144 32 880 1
addpatch 128 32 864 160 32 896 128 32 896 144 32 880 1
addpatch 128 32 832 160 32 832 160 32 864 144 32 848 1
addpatch 128 32 832 160 32 864 128 32 864 144 32 848 1
addpatch 160 32 800 192 32 800 192 32 832 176 32 816 1
addpatch 160 32 800 192 32 832 160 32 832 176 32 816 1
addpatch 160 32 864 192 32 864 192 32 896 176 32 880 1
addpatch 160 32 864 192 32 896 160 32 896 176 32 880 1
addpatch 128 32 896 160 32 896 160 32 928 144 32 912 1
addpatch 128 32 896 160 32 928 128 32 928 144 32 912 1
addpatch 160 32 896 192 32 896 192 32 928 176 32 912 1
addpatch 160 32 896 192 32 928 160 32 928 176 32 912 1
addpatch 192 32 768 224 32 768 224 32 800 208 32 784 1
addpatch 192 32 768 224 32 800 192 32 800 208 32 784 1
addpatch 192 32 832 224 32 832 224 32 864 208 32 848 1
addpatch 192 32 832 224 32 864 192 32 864 208 32 848 1
addpatch 160 32 832 192 32 832 192 32 864 176 32 848 1
addpatch 160 32 832 192 32 864 160 32 864 176 32 848 1
addpatch 192 32 800 224 32 800 224 32 832 208 32 816 1
addpatch 192 32 800 224 32 832 192 32 832 208 32 816 1
addpatch 224 32 768 256 32 768 256 32 800 240 32 784 1
addpatch 224 32 768 256 32 800 224 32 800 240 32 784 1
addpatch 1184 32 0 1216 32 0 1216 32 32 1200 32 16 1
addpatch 1184 32 0 1216 32 32 1184 32 32 1200 32 16 1
addpatch 1152 32 0 1184 32 0 1184 32 32 1168 32 16 1
addpatch 1152 32 0 1184 32 32 1152 32 32 1168 32 16 1
addpatch 1152 32 32 1184 32 32 1184 32 64 1168 32 48 1
addpatch 1152 32 32 1184 32 64 1152 32 64 1168 32 48 1
addpatch 1120 32 32 1152 32 32 1152 32 64 1136 32 48 1
addpatch 1120 32 32 1152 32 64 1120 32 64 1136 32 48 1
addpatch 1120 32 64 1152 32 64 1152 32 96 1136 32 80 1
addpatch 1120 32 64 1152 32 96 1120 32 96 1136 32 80 1
addpatch 1088 32 64 1120 32 64 1120 32 96 1104 32 80 1
addpatch 1088 32 64 1120 32 96 1088 32 96 1104 32 80 1
addpatch 1088 32 96 1120 32 96 1120 32 128 1104 32 112 1
addpatch 1088 32 96 1120 32 128 1088 32 128 1104 32 112 1
addpatch 1056 32 96 1088 32 96 1088 32 128 1072 32 112 1
addpatch 1056 32 96 1088 32 128 1056 32 128 1072 32 112 1
addpatch 1056 32 128 1088 32 128 1088 32 160 1072 32 144 1
addpatch 1056 32 128 1088 32 160 1056 32 160 1072 32 144 1
addpatch 1024 32 128 1056 32 128 1056 32 160 1040 32 144 1
addpatch 1024 32 128 1056 32 160 1024 32 160 1040 32 144 1
addpatch 1024 32 160 1056 32 160 1056 32 192 1040 32 176 1
addpatch 1024 32 160 1056 32 192 1024 32 192 1040 32 176 1
addpatch 992 32 160 1024 32 160 1024 32 192 1008 32 176 1
addpatch 992 32 160 1024 32 192 992 32 192 1008 32 176 1
addpatch 992 32 192 1024 32 192 1024 32 224 1008 32 208 1
addpatch 992 32 192 1024 32 224 992 32 224 1008 32 208 1
addpatch 960 32 192 992 32 192 992 32 224 976 32 208 1
addpatch 960 32 192 992 32 224 960 32 224 976 32 208 1
addpatch 960 32 224 992 32 224 992 32 256 976 32 240 1
addpatch 960 32 224 992 32 256 960 32 256 976 32 240 1
addpatch 928 32 224 960 32 224 960 32 256 944 32 240 1
addpatch 928 32 224 960 32 256 928 32 256 944 32 240 1
addpatch 928 32 256 960 32 256 960 32 288 944 32 272 1
addpatch 928 32 256 960 32 288 928 32 288 944 32 272 1
addpatch 896 32 256 928 32 256 928 32 288 912 32 272 1
addpatch 896 32 256 928 32 288 896 32 288 912 32 272 1
addpatch 896 32 288 928 32 288 928 32 320 912 32 304 1
addpatch 896 32 288 928 32 320 896 32 320 912 32 304 1
addpatch 864 32 288 896 32 288 896 32 320 880 32 304 1
addpatch 864 32 288 896 32 320 864 32 320 880 32 304 1
addpatch 864 32 320 896 32 320 896 32 352 880 32 336 1
addpatch 864 32 320 896 32 352 864 32 352 880 32 336 1
addpatch 832 32 320 864 32 320 864 32 352 848 32 336 1
addpatch 832 32 320 864 32 352 832 32 352 848 32 336 1
addpatch 832 32 352 864 32 352 864 32 384 848 32 368 1
addpatch 832 32 352 864 32 384 832 32 384 848 32 368 1
addpatch 800 32 352 832 32 352 832 32 384 816 32 368 1
addpatch 800 32 352 832 32 384 800 32 384 816 32 368 1
addpatch 800 32 384 832 32 384 832 32 416 816 32 400 1
addpatch 800 32 384 832 32 416 800 32 416 816 32 400 1
addpatch 768 32 384 800 32 384 800 32 416 784 32 400 1
addpatch 768 32 384 800 32 416 768 32 416 784 32 400 1
addpatch 768 32 416 800 32 416 800 32 448 784 32 432 1
addpatch 768 32 416 800 32 448 768 32 448 784 32 432 1
addpatch 736 32 416 768 32 416 768 32 448 752 32 432 1
addpatch 736 32 416 768 32 448 736 32 448 752 32 432 1
addpatch 736 32 448 768 32 448 768 32 480 752 32 464 1
addpatch 736 32 448 768 32 480 736 32 480 752 32 464 1
addpatch 704 32 448 736 32 448 736 32 480 720 32 464 3
addpatch 704 32 448 736 32 480 704 32 480 720 32 464 3
addpatch 704 32 480 736 32 480 736 32 512 720 32 496 1
addpatch 704 32 480 736 32 512 704 32 512 720 32 496 1
addpatch 672 32 480 704 32 480 704 32 512 688 32 496 1
addpatch 672 32 480 704 32 512 672 32 512 688 32 496 1
addpatch 672 32 512 704 32 512 704 32 544 688 32 528 1
addpatch 672 32 512 704 32 544 672 32 544 688 32 528 1
addpatch 640 32 512 672 32 512 672 32 544 656 32 528 1
addpatch 640 32 512 672 32 544 640 32 544 656 32 528 1
addpatch 640 32 544 672 32 544 672 32 576 656 32 560 1
addpatch 640 32 544 672 32 576 640 32 576 656 32 560 1
addpatch 608 32 544 640 32 544 640 32 576 624 32 560 1
addpatch 608 32 544 640 32 576 608 32 576 624 32 560 1
addpatch 608 32 576 640 32 576 640 32 608 624 32 592 1
addpatch 608 32 576 640 32 608 608 32 608 624 32 592 1
addpatch 576 32 576 608 32 576 608 32 608 592 32 592 1
addpatch 576 32 576 608 32 608 576 32 608 592 32 592 1
addpatch 576 32 608 608 32 608 608 32 640 592 32 624 1
addpatch 576 32 608 608 32 640 576 32 640 592 32 624 1
addpatch 544 32 608 576 32 608 576 32 640 560 32 624 1
addpatch 544 32 608 576 32 640 544 32 640 560 32 624 1
addpatch 544 32 640 576 32 640 576 32 672 560 32 656 1
addpatch 544 32 640 576 32 672 544 32 672 560 32 656 1
addpatch 512 32 640 544 32 640 544 32 672 528 32 656 1
addpatch 512 32 640 544 32 672 512 32 672 528 32 656 1
addpatch 512 32 672 544 32 672 544 32 704 528 32 688 1
addpatch 512 32 672 544 32 704 512 32 704 528 32 688 1
addpatch 480 32 672 512 32 672 512 32 704 496 32 688 1
addpatch 480 32 672 512 32 704 480 32 704 496 32 688 1
addpatch 480 32 704 512 32 704 512 32 736 496 32 720 1
addpatch 480 32 704 512 32 736 480 32 736 496 32 720 1
addpatch 448 32 704 480 32 704 480 32 736 464 32 720 1
addpatch 448 32 704 480 32 736 448 32 736 464 32 720 1
addpatch 448 32 736 480 32 736 480 32 768 464 32 752 1
addpatch 448 32 736 480 32 768 448 32 768 464 32 752 1
addpatch 416 32 736 448 32 736 448 32 768 432 32 752 1
addpatch 416 32 736 448 32 768 416 32 768 432 32 752 1
addpatch 416 32 768 448 32 768 448 32 800 432 32 784 1
addpatch 416 32 768 448 32 800 416 32 800 432 32 784 1
addpatch 384 32 768 416 32 768 416 32 800 400 32 784 1
addpatch 384 32 768 416 32 800 384 32 800 400 32 784 1
addpatch 384 32 800 416 32 800 416 32 832 400 32 816 1
addpatch 384 32 800 416 32 832 384 32 832 400 32 816 1
addpatch 352 32 800 384 32 800 384 32 832 368 32 816 1
addpatch 352 32 800 384 32 832 352 32 832 368 32 816 1
addpatch 352 32 832 384 32 832 384 32 864 368 32 848 1
addpatch 352 32 832 384 32 864 352 32 864 368 32 848 1
addpatch 320 32 832 352 32 832 352 32 864 336 32 848 1
addpatch 320 32 832 352 32 864 320 32 864 336 32 848 1
addpatch 320 32 864 352 32 864 352 32 896 336 32 880 1
addpatch 320 32 864 352 32 896 320 32 896 336 32 880 1
addpatch 288 32 864 320 32 864 320 32 896 304 32 880 1
addpatch 288 32 864 320 32 896 288 32 896 304 32 880 1
addpatch 288 32 896 320 32 896 320 32 928 304 32 912 1
addpatch 288 32 896 320 32 928 288 32 928 304 32 912 1
addpatch 256 32 896 288 32 896 288 32 928 272 32 912 1
addpatch 256 32 896 288 32 928 256 32 928 272 32 912 1
addpatch 256 32 928 288 32 928 288 32 960 272 32 944 1
addpatch 256 32 928 288 32 960 256 32 960 272 32 944 1
addpatch 224 32 928 256 32 928 256 32 960 240 32 944 1
addpatch 224 32 928 256 32 960 224 32 960 240 32 944 1
addpatch 224 32 960 256 32 960 256 32 992 240 32 976 1
addpatch 224 32 960 256 32 992 224 32 992 240 32 976 1
addpatch 192 32 960 224 32 960 224 32 992 208 32 976 1
addpatch 192 32 960 224 32 992 192 32 992 208 32 976 1
addpatch 192 32 992 224 32 992 224 32 1024 208 32 1008 1
addpatch 192 32 992 224 32 1024 192 32 1024 208 32 1008 1
addpatch 160 32 992 192 32 992 192 32 1024 176 32 1008 1
addpatch 160 32 992 192 32 1024 160 32 1024 176 32 1008 1
addpatch 160 32 1024 192 32 1024 192 32 1056 176 32 1040 1
addpatch 160 32 1024 192 32 1056 160 32 1056 176 32 1040 1
addpatch 128 32 1024 160 32 1024 160 32 1056 144 32 1040 1
addpatch 128 32 1024 160 32 1056 128 32 1056 144 32 1040 1
addpatch 128 32 1056 160 32 1056 160 32 1088 144 32 1072 1
addpatch 128 32 1056 160 32 1088 128 32 1088 144 32 1072 1
addpatch 96 32 1056 128 32 1056 128 32 1088 112 32 1072 1
addpatch 96 32 1056 128 32 1088 96 32 1088 112 32 1072 1
addpatch 96 32 1088 128 32 1088 128 32 1120 112 32 1104 1
addpatch 96 32 1088 128 32 1120 96 32 1120 112 32 1104 1
addpatch 64 32 1088 96 32 1088 96 32 1120 80 32 1104 1
addpatch 64 32 1088 96 32 1120 64 32 1120 80 32 1104 1
addpatch 64 32 1120 96 32 1120 96 32 1152 80 32 1136 1
addpatch 64 32 1120 96 32 1152 64 32 1152 80 32 1136 1
addpatch 32 32 1120 64 32 1120 64 32 1152 48 32 1136 1
addpatch 32 32 1120 64 32 1152 32 32 1152 48 32 1136 1
addpatch 32 32 1152 64 32 1152 64 32 1184 48 32 1168 1
addpatch 32 32 1152 64 32 1184 32 32 1184 48 32 1168 1
addpatch 0 32 1152 32 32 1152 32 32 1184 16 32 1168 1
addpatch 0 32 1152 32 32 1184 0 32 1184 16 32 1168 1
addpatch 0 32 1184 32 32 1184 32 32 1216 16 32 1200 1
addpatch 0 32 1184 32 32 1216 0 32 1216 16 32 1200 1
addpatch 704 32 0 736 32 0 736 32 32 720 32 16 1
addpatch 704 32 0 736 32 32 704 32 32 720 32 16 1
addpatch 704 32 32 736 32 32 736 32 64 720 32 48 1
addpatch 704 32 32 736 32 64 704 32 64 720 32 48 1
addpatch 640 32 64 672 32 64 672 32 96 656 32 80 1
addpatch 640 32 64 672 32 96 640 32 96 656 32 80 1
addpatch 608 32 64 640 32 64 640 32 96 624 32 80 1
addpatch 608 32 64 640 32 96 608 32 96 624 32 80 1
addpatch 544 32 160 576 32 160 576 32 192 560 32 176 1
addpatch 544 32 160 576 32 192 544 32 192 560 32 176 1
addpatch 512 32 192 544 32 192 544 32 224 528 32 208 1
addpatch 512 32 192 544 32 224 512 32 224 528 32 208 1
addpatch 448 32 256 480 32 256 480 32 288 464 32 272 1
addpatch 448 32 256 480 32 288 448 32 288 464 32 272 1
addpatch 416 32 320 448 32 320 448 32 352 432 32 336 1
addpatch 416 32 320 448 32 352 416 32 352 432 32 336 1
addpatch 384 32 320 416 32 320 416 32 352 400 32 336 1
addpatch 384 32 320 416 32 352 384 32 352 400 32 336 1
addpatch 384 32 352 416 32 352 416 32 384 400 32 368 1
addpatch 384 32 352 416 32 384 384 32 384 400 32 368 1
addpatch 192 32 480 224 32 480 224 32 512 208 32 496 1
addpatch 192 32 480 224 32 512 192 32 512 208 32 496 1
addpatch 320 32 384 352 32 384 352 32 416 336 32 400 1
addpatch 320 32 384 352 32 416 320 32 416 336 32 400 1
addpatch 352 32 352 384 32 352 384 32 384 368 32 368 1
addpatch 352 32 352 384 32 384 352 32 384 368 32 368 1
addpatch 352 32 320 384 32 320 384 32 352 368 32 336 1
addpatch 352 32 320 384 32 352 352 32 352 368 32 336 1
addpatch 288 32 416 320 32 416 320 32 448 304 32 432 1
addpatch 288 32 416 320 32 448 288 32 448 304 32 432 1
addpatch 256 32 416 288 32 416 288 32 448 272 32 432 1
addpatch 256 32 416 288 32 448 256 32 448 272 32 432 1
addpatch 256 32 448 288 32 448 288 32 480 272 32 464 1
addpatch 256 32 448 288 32 480 256 32 480 272 32 464 1
addpatch 224 32 448 256 32 448 256 32 480 240 32 464 1
addpatch 224 32 448 256 32 480 224 32 480 240 32 464 1
addpatch 224 32 480 256 32 480 256 32 512 240 32 496 1
addpatch 224 32 480 256 32 512 224 32 512 240 32 496 1
addpatch 192 32 512 224 32 512 224 32 544 208 32 528 1
addpatch 192 32 512 224 32 544 192 32 544 208 32 528 1
addpatch 160 32 576 192 32 576 192 32 608 176 32 592 1
addpatch 160 32 576 192 32 608 160 32 608 176 32 592 1
addpatch 128 32 608 160 32 608 160 32 640 144 32 624 1
addpatch 128 32 608 160 32 640 128 32 640 144 32 624 1
addpatch 96 32 640 128 32 640 128 32 672 112 32 656 1
addpatch 96 32 640 128 32 672 96 32 672 112 32 656 1
addpatch 96 32 608 128 32 608 128 32 640 112 32 624 1
addpatch 96 32 608 128 32 640 96 32 640 112 32 624 1
addpatch 160 32 512 192 32 512 192 32 544 176 32 528 1
addpatch 160 32 512 192 32 544 160 32 544 176 32 528 1
addpatch 160 32 544 192 32 544 192 32 576 176 32 560 1
addpatch 160 32 544 192 32 576 160 32 576 176 32 560 1
addpatch 128 32 544 160 32 544 160 32 576 144 32 560 1
addpatch 128 32 544 160 32 576 128 32 576 144 32 560 1
addpatch 128 32 576 160 32 576 160 32 608 144 32 592 1
addpatch 128 32 576 160 32 608 128 32 608 144 32 592 1
addpatch 96 32 576 128 32 576 128 32 608 112 32 592 1
addpatch 96 32 576 128 32 608 96 32 608 112 32 592 1
addpatch 64 32 608 96 32 608 96 32 640 80 32 624 1
addpatch 64 32 608 96 32 640 64 32 640 80 32 624 1
addpatch 64 32 640 96 32 640 96 32 672 80 32 656 1
addpatch 64 32 640 96 32 672 64 32 672 80 32 656 1
addpatch 64 32 672 96 32 672 96 32 704 80 32 688 1
addpatch 64 32 672 96 32 704 64 32 704 80 32 688 1
addpatch 32 32 704 64 32 704 64 32 736 48 32 720 1
addpatch 32 32 704 64 32 736 32 32 736 48 32 720 1
addpatch 0 32 704 32 32 704 32 32 736 16 32 720 1
addpatch 0 32 704 32 32 736 0 32 736 16 32 720 1
addpatch 0 32 672 32 32 672 32 32 704 16 32 688 1
addpatch 0 32 672 32 32 704 0 32 704 16 32 688 1
addpatch 32 32 672 64 32 672 64 32 704 48 32 688 1
addpatch 32 32 672 64 32 704 32 32 704 48 32 688 1
addpatch 608 32 96 640 32 96 640 32 128 624 32 112 1
addpatch 608 32 96 640 32 128 608 32 128 624 32 112 1
addpatch 576 32 96 608 32 96 608 32 128 592 32 112 1
addpatch 576 32 96 608 32 128 576 32 128 592 32 112 1
addpatch 576 32 128 608 32 128 608 32 160 592 32 144 1
addpatch 576 32 128 608 32 160 576 32 160 592 32 144 1
addpatch 672 32 32 704 32 32 704 32 64 688 32 48 1
addpatch 672 32 32 704 32 64 672 32 64 688 32 48 1
addpatch 672 32 0 704 32 0 704 32 32 688 32 16 1
addpatch 672 32 0 704 32 32 672 32 32 688 32 16 1
addpatch 576 32 32 608 32 32 608 32 64 592 32 48 1
addpatch 576 32 32 608 32 64 576 32 64 592 32 48 1
addpatch 544 32 64 576 32 64 576 32 96 560 32 80 1
addpatch 544 32 64 576 32 96 544 32 96 560 32 80 1
addpatch 544 32 96 576 32 96 576 32 128 560 32 112 1
addpatch 544 32 96 576 32 128 544 32 128 560 32 112 1
addpatch 512 32 96 544 32 96 544 32 128 528 32 112 1
addpatch 512 32 96 544 32 128 512 32 128 528 32 112 1
addpatch 384 32 224 416 32 224 416 32 256 400 32 240 1
addpatch 384 32 224 416 32 256 384 32 256 400 32 240 1
addpatch 352 32 256 384 32 256 384 32 288 368 32 272 1
addpatch 352 32 256 384 32 288 352 32 288 368 32 272 1
addpatch 288 32 320 320 32 320 320 32 352 304 32 336 1
addpatch 288 32 320 320 32 352 288 32 352 304 32 336 1
addpatch 384 32 256 416 32 256 416 32 288 400 32 272 1
addpatch 384 32 256 416 32 288 384 32 288 400 32 272 1
addpatch 416 32 224 448 32 224 448 32 256 432 32 240 1
addpatch 416 32 224 448 32 256 416 32 256 432 32 240 1
addpatch 480 32 160 512 32 160 512 32 192 496 32 176 1
addpatch 480 32 160 512 32 192 480 32 192 496 32 176 1
addpatch 480 32 128 512 32 128 512 32 160 496 32 144 1
addpatch 480 32 128 512 32 160 480 32 160 496 32 144 1
addpatch 448 32 160 480 32 160 480 32 192 464 32 176 1
addpatch 448 32 160 480 32 192 448 32 192 464 32 176 1
addpatch 448 32 192 480 32 192 480 32 224 464 32 208 1
addpatch 448 32 192 480 32 224 448 32 224 464 32 208 1
addpatch 416 32 192 448 32 192 448 32 224 432 32 208 1
addpatch 416 32 192 448 32 224 416 32 224 432 32 208 1
addpatch 640 32 32 672 32 32 672 32 64 656 32 48 1
addpatch 640 32 32 672 32 64 640 32 64 656 32 48 1
addpatch 640 32 0 672 32 0 672 32 32 656 32 16 1
addpatch 640 32 0 672 32 32 640 32 32 656 32 16 1
addpatch 608 32 0 640 32 0 640 32 32 624 32 16 1
addpatch 608 32 0 640 32 32 608 32 32 624 32 16 1
addpatch 608 32 32 640 32 32 640 32 64 624 32 48 1
addpatch 608 32 32 640 32 64 608 32 64 624 32 48 1
addpatch 576 32 64 608 32 64 608 32 96 592 32 80 1
addpatch 576 32 64 608 32 96 576 32 96 592 32 80 1
addpatch 544 32 128 576 32 128 576 32 160 560 32 144 1
addpatch 544 32 128 576 32 160 544 32 160 560 32 144 1
addpatch 512 32 128 544 32 128 544 32 160 528 32 144 1
addpatch 512 32 128 544 32 160 512 32 160 528 32 144 1
addpatch 512 32 160 544 32 160 544 32 192 528 32 176 1
addpatch 512 32 160 544 32 192 512 32 192 528 32 176 1
addpatch 480 32 192 512 32 192 512 32 224 496 32 208 1
addpatch 480 32 192 512 32 224 480 32 224 496 32 208 1
addpatch 480 32 224 512 32 224 512 32 256 496 32 240 1
addpatch 480 32 224 512 32 256 480 32 256 496 32 240 1
addpatch 448 32 224 480 32 224 480 32 256 464 32 240 1
addpatch 448 32 224 480 32 256 448 32 256 464 32 240 1
addpatch 416 32 256 448 32 256 448 32 288 432 32 272 1
addpatch 416 32 256 448 32 288 416 32 288 432 32 272 1
addpatch 416 32 288 448 32 288 448 32 320 432 32 304 1
addpatch 416 32 288 448 32 320 416 32 320 432 32 304 1
addpatch 384 32 288 416 32 288 416 32 320 400 32 304 1
addpatch 384 32 288 416 32 320 384 32 320 400 32 304 1
addpatch 352 32 288 384 32 288 384 32 320 368 32 304 1
addpatch 352 32 288 384 32 320 352 32 320 368 32 304 1
addpatch 320 32 288 352 32 288 352 32 320 336 32 304 1
addpatch 320 32 288 352 32 320 320 32 320 336 32 304 1
addpatch 320 32 320 352 32 320 352 32 352 336 32 336 1
addpatch 320 32 320 352 32 352 320 32 352 336 32 336 1
addpatch 320 32 352 352 32 352 352 32 384 336 32 368 1
addpatch 320 32 352 352 32 384 320 32 384 336 32 368 1
addpatch 288 32 352 320 32 352 320 32 384 304 32 368 1
addpatch 288 32 352 320 32 384 288 32 384 304 32 368 1
addpatch 288 32 384 320 32 384 320 32 416 304 32 400 1
addpatch 288 32 384 320 32 416 288 32 416 304 32 400 1
addpatch 256 32 352 288 32 352 288 32 384 272 32 368 1
addpatch 256 32 352 288 32 384 256 32 384 272 32 368 1
addpatch 256 32 384 288 32 384 288 32 416 272 32 400 1
addpatch 256 32 384 288 32 416 256 32 416 272 32 400 1
addpatch 224 32 384 256 32 384 256 32 416 240 32 400 1
addpatch 224 32 384 256 32 416 224 32 416 240 32 400 1
addpatch 224 32 416 256 32 416 256 32 448 240 32 432 1
addpatch 224 32 416 256 32 448 224 32 448 240 32 432 1
addpatch 192 32 416 224 32 416 224 32 448 208 32 432 1
addpatch 192 32 416 224 32 448 192 32 448 208 32 432 1
addpatch 192 32 448 224 32 448 224 32 480 208 32 464 1
addpatch 192 32 448 224 32 480 192 32 480 208 32 464 1
addpatch 160 32 448 192 32 448 192 32 480 176 32 464 1
addpatch 160 32 448 192 32 480 160 32 480 176 32 464 1
addpatch 160 32 480 192 32 480 192 32 512 176 32 496 1
addpatch 160 32 480 192 32 512 160 32 512 176 32 496 1
addpatch 128 32 480 160 32 480 160 32 512 144 32 496 1
addpatch 128 32 480 160 32 512 128 32 512 144 32 496 1
addpatch 128 32 512 160 32 512 160 32 544 144 32 528 1
addpatch 128 32 512 160 32 544 128 32 544 144 32 528 1
addpatch 96 32 512 128 32 512 128 32 544 112 32 528 1
addpatch 96 32 512 128 32 544 96 32 544 112 32 528 1
addpatch 96 32 544 128 32 544 128 32 576 112 32 560 1
addpatch 96 32 544 128 32 576 96 32 576 112 32 560 1
addpatch 64 32 544 96 32 544 96 32 576 80 32 560 1
addpatch 64 32 544 96 32 576 64 32 576 80 32 560 1
addpatch 64 32 576 96 32 576 96 32 608 80 32 592 1
addpatch 64 32 576 96 32 608 64 32 608 80 32 592 1
addpatch 32 32 640 64 32 640 64 32 672 48 32 656 1
addpatch 32 32 640 64 32 672 32 32 672 48 32 656 1
addpatch 0 32 640 32 32 640 32 32 672 16 32 656 1
addpatch 0 32 640 32 32 672 0 32 672 16 32 656 1
addpatch 32 32 576 64 32 576 64 32 608 48 32 592 1
addpatch 32 32 576 64 32 608 32 32 608 48 32 592 1
addpatch 32 32 608 64 32 608 64 32 640 48 32 624 1
addpatch 32 32 608 64 32 640 32 32 640 48 32 624 1
addpatch 0 32 608 32 32 608 32 32 640 16 32 624 1
addpatch 0 32 608 32 32 640 0 32 640 16 32 624 1
addpatch 704 32 256 736 32 288 736 32 256 720 32 272 2
addpatch 704 32 256 704 32 288 736 32 288 720 32 272 2
addpatch 704 64 256 736 64 256 736 64 288 720 64 272 2
addpatch 704 64 256 736 64 288 704 64 288 720 64 272 2
addpatch 736 32 288 736 64 256 736 32 256 736 48 272 4
addpatch 736 32 288 736 64 288 736 64 256 736 48 272 4
addpatch 704 32 288 736 32 320 736 32 288 720 32 304 2
addpatch 704 32 288 704 32 320 736 32 320 720 32 304 2
addpatch 704 64 288 704 32 288 736 32 288 720 48 288 2
addpatch 704 64 288 736 32 288 736 64 288 720 48 288 2
addpatch 736 32 320 736 64 288 736 32 288 736 48 304 4
addpatch 736 32 320 736 64 320 736 64 288 736 48 304 4
addpatch 704 32 320 736 32 352 736 32 320 720 32 336 2
addpatch 704 32 320 704 32 352 736 32 352 720 32 336 2
addpatch 704 64 320 704 32 320 736 32 320 720 48 320 2
addpatch 704 64 320 736 32 320 736 64 320 720 48 320 4
addpatch 704 64 320 736 64 320 736 64 352 720 64 336 2
addpatch 704 64 320 736 64 352 704 64 352 720 64 336 2
addpatch 736 32 352 736 64 320 736 32 320 736 48 336 4
addpatch 736 32 352 736 64 352 736 64 320 736 48 336 4
addpatch 736 32 352 704 64 352 736 64 352 720 48 352 4
addpatch 736 32 352 704 32 352 704 64 352 720 48 352 4
addpatch 672 32 320 704 32 352 704 32 320 688 32 336 2
addpatch 672 32 320 672 32 352 704 32 352 688 32 336 2
addpatch 672 64 320 704 64 320 704 64 352 688 64 336 2
addpatch 672 64 320 704 64 352 672 64 352 688 64 336 2
addpatch 704 32 352 704 64 320 704 32 320 704 48 336 2
addpatch 704 32 352 704 64 352 704 64 320 704 48 336 4
addpatch 704 32 352 672 64 352 704 64 352 688 48 352 4
addpatch 704 32 352 672 32 352 672 64 352 688 48 352 4
addpatch 672 32 288 704 32 320 704 32 288 688 32 304 2
addpatch 672 32 288 672 32 320 704 32 320 688 32 304 2
addpatch 704 32 320 704 64 288 704 32 288 704 48 304 2
addpatch 704 32 320 704 64 320 704 64 288 704 48 304 2
addpatch 704 32 320 672 64 320 704 64 320 688 48 320 2
addpatch 704 32 320 672 32 320 672 64 320 688 48 320 2
addpatch 640 32 320 672 32 352 672 32 320 656 32 336 2
addpatch 640 32 320 640 32 352 672 32 352 656 32 336 2
addpatch 640 64 320 640 64 352 640 32 352 640 48 336 4
addpatch 640 64 320 640 32 352 640 32 320 640 48 336 4
addpatch 640 64 320 672 64 320 672 64 352 656 64 336 2
addpatch 640 64 320 672 64 352 640 64 352 656 64 336 2
addpatch 672 32 352 672 64 320 672 32 320 672 48 336 2
addpatch 672 32 352 672 64 352 672 64 320 672 48 336 4
addpatch 672 32 352 640 64 352 672 64 352 656 48 352 4
addpatch 672 32 352 640 32 352 640 64 352 656 48 352 4
addpatch 640 32 288 672 32 320 672 32 288 656 32 304 2
addpatch 640 32 288 640 32 320 672 32 320 656 32 304 2
addpatch 640 64 288 640 64 320 640 32 320 640 48 304 4
addpatch 640 64 288 640 32 320 640 32 288 640 48 304 4
addpatch 640 64 288 672 64 288 672 64 320 656 64 304 2
addpatch 640 64 288 672 64 320 640 64 320 656 64 304 2
addpatch 672 32 320 672 64 288 672 32 288 672 48 304 2
addpatch 672 32 320 672 64 320 672 64 288 672 48 304 2
addpatch 672 32 320 640 64 320 672 64 320 656 48 320 2
addpatch 672 32 320 640 32 320 640 64 320 656 48 320 4
addpatch 672 32 256 704 32 288 704 32 256 688 32 272 2
addpatch 672 32 256 672 32 288 704 32 288 688 32 272 2
addpatch 672 64 256 704 64 256 704 64 288 688 64 272 2
addpatch 672 64 256 704 64 288 672 64 288 688 64 272 2
addpatch 704 32 288 704 64 256 704 32 256 704 48 272 2
addpatch 704 32 288 704 64 288 704 64 256 704 48 272 2
addpatch 704 32 288 672 64 288 704 64 288 688 48 288 2
addpatch 704 32 288 672 32 288 672 64 288 688 48 288 2
addpatch 704 32 224 736 32 256 736 32 224 720 32 240 2
addpatch 704 32 224 704 32 256 736 32 256 720 32 240 2
addpatch 704 64 224 736 64 224 736 64 256 720 64 240 2
addpatch 704 64 224 736 64 256 704 64 256 720 64 240 2
addpatch 736 32 256 736 64 224 736 32 224 736 48 240 4
addpatch 736 32 256 736 64 256 736 64 224 736 48 240 4
addpatch 736 32 256 704 64 256 736 64 256 720 48 256 4
addpatch 736 32 256 704 32 256 704 64 256 720 48 256 2
addpatch 672 32 224 704 32 256 704 32 224 688 32 240 2
addpatch 672 32 224 672 32 256 704 32 256 688 32 240 2
addpatch 672 64 224 672 32 224 704 32 224 688 48 224 4
addpatch 672 64 224 704 32 224 704 64 224 688 48 224 4
addpatch 672 64 224 672 64 256 672 32 256 672 48 240 4
addpatch 672 64 224 672 32 256 672 32 224 672 48 240 4
addpatch 672 64 224 704 64 224 704 64 256 688 64 240 2
addpatch 672 64 224 704 64 256 672 64 256 688 64 240 2
addpatch 704 32 256 704 64 224 704 32 224 704 48 240 4
addpatch 704 32 256 704 64 256 704 64 224 704 48 240 2
addpatch 704 32 256 672 64 256 704 64 256 688 48 256 2
addpatch 704 32 256 672 32 256 672 64 256 688 48 256 2
addpatch 640 32 256 672 32 288 672 32 256 656 32 272 2
addpatch 640 32 256 640 32 288 672 32 288 656 32 272 2
addpatch 640 64 256 640 32 256 672 32 256 656 48 256 4
addpatch 640 64 256 672 32 256 672 64 256 656 48 256 4
addpatch 640 64 256 640 64 288 640 32 288 640 48 272 4
addpatch 640 64 256 640 32 288 640 32 256 640 48 272 4
addpatch 640 64 256 672 64 256 672 64 288 656 64 272 2
addpatch 640 64 256 672 64 288 640 64 288 656 64 272 2
addpatch 672 32 288 672 64 256 672 32 256 672 48 272 2
addpatch 672 32 288 672 64 288 672 64 256 672 48 272 2
addpatch 672 32 288 640 64 288 672 64 288 656 48 288 2
addpatch 672 32 288 640 32 288 640 64 288 656 48 288 2
addpatch 704 32 192 736 32 224 736 32 192 720 32 208 2
addpatch 704 32 192 704 32 224 736 32 224 720 32 208 2
addpatch 704 64 192 704 32 192 736 32 192 720 48 192 4
addpatch 704 64 192 736 32 192 736 64 192 720 48 192 4
addpatch 704 64 192 704 64 224 704 32 224 704 48 208 4
addpatch 704 64 192 704 32 224 704 32 192 704 48 208 4
addpatch 704 64 192 736 64 192 736 64 224 720 64 208 2
addpatch 704 64 192 736 64 224 704 64 224 720 64 208 2
addpatch 736 32 224 736 64 192 736 32 192 736 48 208 4
addpatch 736 32 224 736 64 224 736 64 192 736 48 208 4
addpatch 736 32 224 704 64 224 736 64 224 720 48 224 2
addpatch 736 32 224 704 32 224 704 64 224 720 48 224 4
addpatch 704 64 288 736 64 320 736 64 288 720 64 304 2
addpatch 704 64 288 704 64 320 736 64 320 720 64 304 2
addpatch 704 96 288 704 64 288 736 64 288 720 80 288 4
addpatch 704 96 288 736 64 288 736 96 288 720 80 288 4
addpatch 736 64 320 736 96 288 736 64 288 736 80 304 4
addpatch 736 64 320 736 96 320 736 96 288 736 80 304 4
addpatch 736 64 320 704 96 320 736 96 320 720 80 320 4
addpatch 736 64 320 704 64 320 704 96 320 720 80 320 4
addpatch 672 64 288 704 64 320 704 64 288 688 64 304 2
addpatch 672 64 288 672 64 320 704 64 320 688 64 304 2
addpatch 672 96 288 672 64 288 704 64 288 688 80 288 4
addpatch 672 96 288 704 64 288 704 96 288 688 80 288 4
addpatch 672 96 288 672 96 320 672 64 320 672 80 304 4
addpatch 672 96 288 672 64 320 672 64 288 672 80 304 4
addpatch 672 96 288 704 96 288 704 96 320 688 96 304 2
addpatch 672 96 288 704 96 320 672 96 320 688 96 304 2
addpatch 704 64 320 704 96 288 704 64 288 704 80 304 2
addpatch 704 64 320 704 96 320 704 96 288 704 80 304 4
addpatch 704 64 320 672 96 320 704 96 320 688 80 320 4
addpatch 704 64 320 672 64 320 672 96 320 688 80 320 4
addpatch 704 96 288 736 96 320 736 96 288 720 96 304 4
addpatch 704 96 288 704 96 320 736 96 320 720 96 304 2
addpatch 704 128 288 704 96 288 736 96 288 720 112 288 4
addpatch 704 128 288 736 96 288 736 128 288 720 112 288 4
addpatch 704 128 288 704 128 320 704 96 320 704 112 304 4
addpatch 704 128 288 704 96 320 704 96 288 704 112 304 4
addpatch 704 128 288 736 128 288 736 128 320 720 128 304 2
addpatch 704 128 288 736 128 320 704 128 320 720 128 304 2
addpatch 736 96 320 736 128 288 736 96 288 736 112 304 4
addpatch 736 96 320 736 128 320 736 128 288 736 112 304 4
addpatch 736 96 320 704 128 320 736 128 320 720 112 320 4
addpatch 736 96 320 704 96 320 704 128 320 720 112 320 4
addpatch 672 32 416 704 32 448 704 32 416 688 32 432 2
addpatch 672 32 416 672 32 448 704 32 448 688 32 432 2
addpatch 672 64 416 672 32 416 704 32 416 688 48 416 4
addpatch 672 64 416 704 32 416 704 64 416 688 48 416 4
addpatch 672 64 416 672 64 448 672 32 448 672 48 432 4
addpatch 672 64 416 672 32 448 672 32 416 672 48 432 4
addpatch 704 32 448 704 64 416 704 32 416 704 48 432 4
addpatch 704 32 448 704 64 448 704 64 416 704 48 432 4
addpatch 704 32 448 672 64 448 704 64 448 688 48 448 4
addpatch 704 32 448 672 32 448 672 64 448 688 48 448 4
addpatch 672 64 416 704 64 448 704 64 416 688 64 432 4
addpatch 672 64 416 672 64 448 704 64 448 688 64 432 4
addpatch 672 96 416 672 64 416 704 64 416 688 80 416 4
addpatch 672 96 416 704 64 416 704 96 416 688 80 416 4
addpatch 672 96 416 672 96 448 672 64 448 672 80 432 4
addpatch 672 96 416 672 64 448 672 64 416 672 80 432 4
addpatch 704 64 448 704 96 416 704 64 416 704 80 432 4
addpatch 704 64 448 704 96 448 704 96 416 704 80 432 4
addpatch 704 64 448 672 96 448 704 96 448 688 80 448 4
addpatch 704 64 448 672 64 448 672 96 448 688 80 448 4
addpatch 672 96 416 704 96 448 704 96 416 688 96 432 4
addpatch 672 96 416 672 96 448 704 96 448 688 96 432 4
addpatch 672 128 416 672 96 416 704 96 416 688 112 416 4
addpatch 672 128 416 704 96 416 704 128 416 688 112 416 4
addpatch 672 128 416 672 128 448 672 96 448 672 112 432 4
addpatch 672 128 416 672 96 448 672 96 416 672 112 432 4
addpatch 704 96 448 704 128 416 704 96 416 704 112 432 4
addpatch 704 96 448 704 128 448 704 128 416 704 112 432 4
addpatch 704 96 448 672 128 448 704 128 448 688 112 448 4
addpatch 704 96 448 672 96 448 672 128 448 688 112 448 4
addpatch 672 128 416 704 128 448 704 128 416 688 128 432 4
addpatch 672 128 416 672 128 448 704 128 448 688 128 432 4
addpatch 672 160 416 672 128 416 704 128 416 688 144 416 4
addpatch 672 160 416 704 128 416 704 160 416 688 144 416 4
addpatch 672 160 416 672 160 448 672 128 448 672 144 432 4
addpatch 672 160 416 672 128 448 672 128 416 672 144 432 4
addpatch 704 128 448 704 160 416 704 128 416 704 144 432 4
addpatch 704 128 448 704 160 448 704 160 416 704 144 432 4
addpatch 704 128 448 672 160 448 704 160 448 688 144 448 4
addpatch 704 128 448 672 128 448 672 160 448 688 144 448 4
addpatch 672 160 416 704 160 448 704 160 416 688 160 432 4
addpatch 672 160 416 672 160 448 704 160 448 688 160 432 4
addpatch 672 192 416 672 160 416 704 160 416 688 176 416 4
addpatch 672 192 416 704 160 416 704 192 416 688 176 416 4
addpatch 672 192 416 672 192 448 672 160 448 672 176 432 4
addpatch 672 192 416 672 160 448 672 160 416 672 176 432 4
addpatch 672 192 416 704 192 416 704 192 448 688 192 432 2
addpatch 672 192 416 704 192 448 672 192 448 688 192 432 2
addpatch 704 160 448 704 192 416 704 160 416 704 176 432 4
addpatch 704 160 448 704 192 448 704 192 416 704 176 432 4
addpatch 704 160 448 672 192 448 704 192 448 688 176 448 4
addpatch 704 160 448 672 160 448 672 192 448 688 176 448 4
lightenabled 0 1
lighttype 0 0
lightintensity 0 5430
lightrgb 0 0.335 0.335 0.335
lightpos 0 0 0 0
lightend 0 0 0 0
lightenabled 1 0
lighttype 1 1
lightintensity 1 5000
lightrgb 1 1 1 1
lightpos 1 0 0 0
lightend 1 0 0 0
lightenabled 2 1
lighttype 2 2
lightintensity 2 5000
lightrgb 2 0.565 0.552683 0.19549
lightpos 2 831.058 214 213.133
lightend 2 587.671 -8.41334 229.049
lightenabled 3 0
lighttype 3 1
lightintensity 3 5000
lightrgb 3 1 1 1
lightpos 3 0 0 0
lightend 3 0 0 0
lightenabled 4 0
lighttype 4 1
lightintensity 4 5000
lightrgb 4 1 1 1
lightpos 4 0 0 0
lightend 4 0 0 0
lightenabled 5 0
lighttype 5 1
lightintensity 5 5000
lightrgb 5 1 1 1
lightpos 5 0 0 0
lightend 5 0 0 0
lightenabled 6 0
lighttype 6 1
lightintensity 6 5000
lightrgb 6 1 1 1
lightpos 6 0 0 0
lightend 6 0 0 0
lightenabled 7 0
lighttype 7 1
lightintensity 7 5000
lightrgb 7 1 1 1
lightpos 7 0 0 0
lightend 7 0 0 0
lightenabled 8 0
lighttype 8 1
lightintensity 8 5000
lightrgb 8 1 1 1
lightpos 8 0 0 0
lightend 8 0 0 0
lightenabled 9 0
lighttype 9 1
lightintensity 9 5000
lightrgb 9 1 1 1
lightpos 9 0 0 0
lightend 9 0 0 0

editcam 250.66 411.276 84.194 46.2393 -33
playcam -12.2285 659.197 -142.054 45 -35 0.5
backdropclear
backdrop 1
backdropadd 0 0.894 0.000893989 0.000893989
backdropadd 0.56 0.863999 0.863999 0.141696
backdropadd 1 0 0 0.557
