
clear
addpatch 32 32 32 64 32 32 64 32 64 48 32 48 1
addpatch 32 32 32 64 32 64 32 32 64 48 32 48 1
addpatch 32 32 64 64 32 64 64 32 96 48 32 80 1
addpatch 32 32 64 64 32 96 32 32 96 48 32 80 1
addpatch 32 32 96 64 32 96 64 32 128 48 32 112 1
addpatch 32 32 96 64 32 128 32 32 128 48 32 112 1
addpatch 32 32 128 64 32 128 64 32 160 48 32 144 1
addpatch 32 32 128 64 32 160 32 32 160 48 32 144 1
addpatch 64 32 128 96 32 128 96 32 160 80 32 144 1
addpatch 64 32 128 96 32 160 64 32 160 80 32 144 1
addpatch 64 32 160 96 32 160 96 32 192 80 32 176 1
addpatch 64 32 160 96 32 192 64 32 192 80 32 176 1
addpatch 96 32 160 128 32 160 128 32 192 112 32 176 1
addpatch 96 32 160 128 32 192 96 32 192 112 32 176 1
addpatch 128 32 160 160 32 160 160 32 192 144 32 176 1
addpatch 128 32 160 160 32 192 128 32 192 144 32 176 1
addpatch 160 32 160 192 32 160 192 32 192 176 32 176 1
addpatch 160 32 160 192 32 192 160 32 192 176 32 176 1
addpatch 192 32 160 224 32 160 224 32 192 208 32 176 1
addpatch 192 32 160 224 32 192 192 32 192 208 32 176 1
addpatch 224 32 192 256 32 192 256 32 224 240 32 208 1
addpatch 224 32 192 256 32 224 224 32 224 240 32 208 1
addpatch 288 32 192 320 32 192 320 32 224 304 32 208 1
addpatch 288 32 192 320 32 224 288 32 224 304 32 208 1
addpatch 288 32 224 320 32 224 320 32 256 304 32 240 1
addpatch 288 32 224 320 32 256 288 32 256 304 32 240 1
addpatch 320 32 256 352 32 256 352 32 288 336 32 272 1
addpatch 320 32 256 352 32 288 320 32 288 336 32 272 1
addpatch 192 32 384 224 32 384 224 32 416 208 32 400 1
addpatch 192 32 384 224 32 416 192 32 416 208 32 400 1
addpatch 192 32 352 224 32 352 224 32 384 208 32 368 1
addpatch 192 32 352 224 32 384 192 32 384 208 32 368 1
addpatch 160 32 288 192 32 288 192 32 320 176 32 304 1
addpatch 160 32 288 192 32 320 160 32 320 176 32 304 1
addpatch 192 32 256 224 32 256 224 32 288 208 32 272 1
addpatch 192 32 256 224 32 288 192 32 288 208 32 272 1
addpatch 192 32 224 224 32 224 224 32 256 208 32 240 1
addpatch 192 32 224 224 32 256 192 32 256 208 32 240 1
addpatch 192 32 192 224 32 192 224 32 224 208 32 208 1
addpatch 192 32 192 224 32 224 192 32 224 208 32 208 1
addpatch 224 32 224 256 32 224 256 32 256 240 32 240 1
addpatch 224 32 224 256 32 256 224 32 256 240 32 240 1
addpatch 288 32 256 320 32 256 320 32 288 304 32 272 1
addpatch 288 32 256 320 32 288 288 32 288 304 32 272 1
addpatch 288 32 384 320 32 384 320 32 416 304 32 400 1
addpatch 288 32 384 320 32 416 288 32 416 304 32 400 1
addpatch 256 32 384 288 32 384 288 32 416 272 32 400 1
addpatch 256 32 384 288 32 416 256 32 416 272 32 400 1
addpatch 224 32 384 256 32 384 256 32 416 240 32 400 1
addpatch 224 32 384 256 32 416 224 32 416 240 32 400 1
addpatch 224 32 352 256 32 352 256 32 384 240 32 368 1
addpatch 224 32 352 256 32 384 224 32 384 240 32 368 1
addpatch 256 32 352 288 32 352 288 32 384 272 32 368 1
addpatch 256 32 352 288 32 384 256 32 384 272 32 368 1
addpatch 288 32 288 320 32 288 320 32 320 304 32 304 1
addpatch 288 32 288 320 32 320 288 32 320 304 32 304 1
addpatch 256 32 320 288 32 320 288 32 352 272 32 336 1
addpatch 256 32 320 288 32 352 256 32 352 272 32 336 1
addpatch 224 32 320 256 32 320 256 32 352 240 32 336 1
addpatch 224 32 320 256 32 352 224 32 352 240 32 336 1
addpatch 192 32 288 224 32 288 224 32 320 208 32 304 1
addpatch 192 32 288 224 32 320 192 32 320 208 32 304 1
addpatch 256 32 288 288 32 288 288 32 320 272 32 304 1
addpatch 256 32 288 288 32 320 256 32 320 272 32 304 1
addpatch 256 32 192 288 32 192 288 32 224 272 32 208 1
addpatch 256 32 192 288 32 224 256 32 224 272 32 208 1
addpatch 256 32 224 288 32 224 288 32 256 272 32 240 1
addpatch 256 32 224 288 32 256 256 32 256 272 32 240 1
addpatch 256 32 256 288 32 256 288 32 288 272 32 272 1
addpatch 256 32 256 288 32 288 256 32 288 272 32 272 1
addpatch 224 32 256 256 32 256 256 32 288 240 32 272 1
addpatch 224 32 256 256 32 288 224 32 288 240 32 272 1
addpatch 224 32 288 256 32 288 256 32 320 240 32 304 1
addpatch 224 32 288 256 32 320 224 32 320 240 32 304 1
addpatch 192 32 320 224 32 320 224 32 352 208 32 336 1
addpatch 192 32 320 224 32 352 192 32 352 208 32 336 1
addpatch 160 32 320 192 32 320 192 32 352 176 32 336 1
addpatch 160 32 320 192 32 352 160 32 352 176 32 336 1
addpatch 160 32 352 192 32 352 192 32 384 176 32 368 1
addpatch 160 32 352 192 32 384 160 32 384 176 32 368 1
addpatch 160 32 384 192 32 384 192 32 416 176 32 400 1
addpatch 160 32 384 192 32 416 160 32 416 176 32 400 1
addpatch 192 32 416 224 32 416 224 32 448 208 32 432 1
addpatch 192 32 416 224 32 448 192 32 448 208 32 432 1
addpatch 224 32 416 256 32 416 256 32 448 240 32 432 1
addpatch 224 32 416 256 32 448 224 32 448 240 32 432 1
addpatch 256 32 416 288 32 416 288 32 448 272 32 432 1
addpatch 256 32 416 288 32 448 256 32 448 272 32 432 1
addpatch 256 32 448 288 32 448 288 32 480 272 32 464 1
addpatch 256 32 448 288 32 480 256 32 480 272 32 464 1
addpatch 288 32 448 320 32 448 320 32 480 304 32 464 1
addpatch 288 32 448 320 32 480 288 32 480 304 32 464 1
addpatch 288 32 480 320 32 480 320 32 512 304 32 496 1
addpatch 288 32 480 320 32 512 288 32 512 304 32 496 1
addpatch 224 32 448 256 32 448 256 32 480 240 32 464 1
addpatch 224 32 448 256 32 480 224 32 480 240 32 464 1
addpatch 192 32 448 224 32 448 224 32 480 208 32 464 1
addpatch 192 32 448 224 32 480 192 32 480 208 32 464 1
addpatch 192 32 480 224 32 480 224 32 512 208 32 496 1
addpatch 192 32 480 224 32 512 192 32 512 208 32 496 1
addpatch 320 32 448 352 32 448 352 32 480 336 32 464 1
addpatch 320 32 448 352 32 480 320 32 480 336 32 464 1
addpatch 320 32 480 352 32 480 352 32 512 336 32 496 1
addpatch 320 32 480 352 32 512 320 32 512 336 32 496 1
addpatch 384 32 512 416 32 512 416 32 544 400 32 528 1
addpatch 384 32 512 416 32 544 384 32 544 400 32 528 1
addpatch 416 32 512 448 32 512 448 32 544 432 32 528 1
addpatch 416 32 512 448 32 544 416 32 544 432 32 528 1
addpatch 448 32 512 480 32 512 480 32 544 464 32 528 1
addpatch 448 32 512 480 32 544 448 32 544 464 32 528 1
addpatch 480 32 480 512 32 480 512 32 512 496 32 496 1
addpatch 480 32 480 512 32 512 480 32 512 496 32 496 1
addpatch 512 32 480 544 32 480 544 32 512 528 32 496 1
addpatch 512 32 480 544 32 512 512 32 512 528 32 496 1
addpatch 480 32 416 512 32 416 512 32 448 496 32 432 1
addpatch 480 32 416 512 32 448 480 32 448 496 32 432 1
addpatch 448 32 416 480 32 416 480 32 448 464 32 432 1
addpatch 448 32 416 480 32 448 448 32 448 464 32 432 1
addpatch 448 32 448 480 32 448 480 32 480 464 32 464 1
addpatch 448 32 448 480 32 480 448 32 480 464 32 464 1
addpatch 480 32 448 512 32 448 512 32 480 496 32 464 1
addpatch 480 32 448 512 32 480 480 32 480 496 32 464 1
addpatch 448 32 480 480 32 480 480 32 512 464 32 496 1
addpatch 448 32 480 480 32 512 448 32 512 464 32 496 1
addpatch 384 32 448 416 32 448 416 32 480 400 32 464 1
addpatch 384 32 448 416 32 480 384 32 480 400 32 464 1
addpatch 416 32 448 448 32 448 448 32 480 432 32 464 1
addpatch 416 32 448 448 32 480 416 32 480 432 32 464 1
addpatch 416 32 480 448 32 480 448 32 512 432 32 496 1
addpatch 416 32 480 448 32 512 416 32 512 432 32 496 1
addpatch 384 32 480 416 32 480 416 32 512 400 32 496 1
addpatch 384 32 480 416 32 512 384 32 512 400 32 496 1
addpatch 352 32 512 384 32 512 384 32 544 368 32 528 1
addpatch 352 32 512 384 32 544 352 32 544 368 32 528 1
addpatch 352 32 480 384 32 480 384 32 512 368 32 496 1
addpatch 352 32 480 384 32 512 352 32 512 368 32 496 1
addpatch 352 32 448 384 32 448 384 32 480 368 32 464 1
addpatch 352 32 448 384 32 480 352 32 480 368 32 464 1
addpatch 384 32 384 416 32 384 416 32 416 400 32 400 1
addpatch 384 32 384 416 32 416 384 32 416 400 32 400 1
addpatch 384 32 416 416 32 416 416 32 448 400 32 432 1
addpatch 384 32 416 416 32 448 384 32 448 400 32 432 1
addpatch 416 32 416 448 32 416 448 32 448 432 32 432 1
addpatch 416 32 416 448 32 448 416 32 448 432 32 432 1
addpatch 480 32 384 512 32 384 512 32 416 496 32 400 1
addpatch 480 32 384 512 32 416 480 32 416 496 32 400 1
addpatch 448 32 384 480 32 384 480 32 416 464 32 400 1
addpatch 448 32 384 480 32 416 448 32 416 464 32 400 1
addpatch 384 32 352 416 32 352 416 32 384 400 32 368 1
addpatch 384 32 352 416 32 384 384 32 384 400 32 368 1
addpatch 416 32 384 448 32 384 448 32 416 432 32 400 1
addpatch 416 32 384 448 32 416 416 32 416 432 32 400 1
addpatch 416 32 352 448 32 352 448 32 384 432 32 368 1
addpatch 416 32 352 448 32 384 416 32 384 432 32 368 1
addpatch 448 32 352 480 32 352 480 32 384 464 32 368 1
addpatch 448 32 352 480 32 384 448 32 384 464 32 368 1
addpatch 448 32 320 480 32 320 480 32 352 464 32 336 1
addpatch 448 32 320 480 32 352 448 32 352 464 32 336 1
addpatch 416 32 320 448 32 320 448 32 352 432 32 336 1
addpatch 416 32 320 448 32 352 416 32 352 432 32 336 1
addpatch 416 32 288 448 32 288 448 32 320 432 32 304 1
addpatch 416 32 288 448 32 320 416 32 320 432 32 304 1
addpatch 384 32 256 416 32 256 416 32 288 400 32 272 1
addpatch 384 32 256 416 32 288 384 32 288 400 32 272 1
addpatch 384 32 288 416 32 288 416 32 320 400 32 304 1
addpatch 384 32 288 416 32 320 384 32 320 400 32 304 1
addpatch 384 32 320 416 32 320 416 32 352 400 32 336 1
addpatch 384 32 320 416 32 352 384 32 352 400 32 336 1
addpatch 352 32 256 384 32 256 384 32 288 368 32 272 1
addpatch 352 32 256 384 32 288 352 32 288 368 32 272 1
addpatch 352 32 192 384 32 192 384 32 224 368 32 208 1
addpatch 352 32 192 384 32 224 352 32 224 368 32 208 1
addpatch 384 32 224 416 32 224 416 32 256 400 32 240 1
addpatch 384 32 224 416 32 256 384 32 256 400 32 240 1
addpatch 352 32 224 384 32 224 384 32 256 368 32 240 1
addpatch 352 32 224 384 32 256 352 32 256 368 32 240 1
addpatch 320 32 224 352 32 224 352 32 256 336 32 240 1
addpatch 320 32 224 352 32 256 320 32 256 336 32 240 1
addpatch 320 32 192 352 32 192 352 32 224 336 32 208 1
addpatch 320 32 192 352 32 224 320 32 224 336 32 208 1
addpatch 320 32 160 352 32 160 352 32 192 336 32 176 1
addpatch 320 32 160 352 32 192 320 32 192 336 32 176 1
addpatch 288 32 160 320 32 160 320 32 192 304 32 176 1
addpatch 288 32 160 320 32 192 288 32 192 304 32 176 1
addpatch 256 32 160 288 32 160 288 32 192 272 32 176 1
addpatch 256 32 160 288 32 192 256 32 192 272 32 176 1
addpatch 224 32 160 256 32 160 256 32 192 240 32 176 1
addpatch 224 32 160 256 32 192 224 32 192 240 32 176 1
addpatch 320 32 128 352 32 128 352 32 160 336 32 144 1
addpatch 320 32 128 352 32 160 320 32 160 336 32 144 1
addpatch 288 32 128 320 32 128 320 32 160 304 32 144 1
addpatch 288 32 128 320 32 160 288 32 160 304 32 144 1
addpatch 256 32 128 288 32 128 288 32 160 272 32 144 1
addpatch 256 32 128 288 32 160 256 32 160 272 32 144 1
addpatch 224 32 128 256 32 128 256 32 160 240 32 144 1
addpatch 224 32 128 256 32 160 224 32 160 240 32 144 1
addpatch 352 32 320 384 32 352 384 32 320 368 32 336 2
addpatch 352 32 320 352 32 352 384 32 352 368 32 336 2
addpatch 352 64 320 384 64 320 384 64 352 368 64 336 2
addpatch 352 64 320 384 64 352 352 64 352 368 64 336 2
addpatch 384 32 352 384 64 320 384 32 320 384 48 336 2
addpatch 384 32 352 384 64 352 384 64 320 384 48 336 2
addpatch 320 32 320 352 32 352 352 32 320 336 32 336 2
addpatch 320 32 320 320 32 352 352 32 352 336 32 336 2
addpatch 320 64 320 352 64 320 352 64 352 336 64 336 2
addpatch 320 64 320 352 64 352 320 64 352 336 64 336 2
addpatch 352 32 352 352 64 320 352 32 320 352 48 336 2
addpatch 352 32 352 352 64 352 352 64 320 352 48 336 2
addpatch 352 32 288 384 32 320 384 32 288 368 32 304 2
addpatch 352 32 288 352 32 320 384 32 320 368 32 304 2
addpatch 352 64 288 352 32 288 384 32 288 368 48 288 2
addpatch 352 64 288 384 32 288 384 64 288 368 48 288 2
addpatch 352 64 288 384 64 288 384 64 320 368 64 304 2
addpatch 352 64 288 384 64 320 352 64 320 368 64 304 2
addpatch 384 32 320 384 64 288 384 32 288 384 48 304 2
addpatch 384 32 320 384 64 320 384 64 288 384 48 304 2
addpatch 384 32 320 352 64 320 384 64 320 368 48 320 2
addpatch 384 32 320 352 32 320 352 64 320 368 48 320 2
addpatch 320 32 288 352 32 320 352 32 288 336 32 304 2
addpatch 320 32 288 320 32 320 352 32 320 336 32 304 2
addpatch 320 64 288 320 32 288 352 32 288 336 48 288 2
addpatch 320 64 288 352 32 288 352 64 288 336 48 288 2
addpatch 320 64 288 320 64 320 320 32 320 320 48 304 2
addpatch 320 64 288 320 32 320 320 32 288 320 48 304 2
addpatch 320 64 288 352 64 288 352 64 320 336 64 304 2
addpatch 320 64 288 352 64 320 320 64 320 336 64 304 2
addpatch 352 32 320 352 64 288 352 32 288 352 48 304 2
addpatch 352 32 320 352 64 320 352 64 288 352 48 304 2
addpatch 352 32 320 320 64 320 352 64 320 336 48 320 2
addpatch 352 32 320 320 32 320 320 64 320 336 48 320 2
addpatch 288 32 320 320 32 352 320 32 320 304 32 336 2
addpatch 288 32 320 288 32 352 320 32 352 304 32 336 2
addpatch 288 64 320 288 32 320 320 32 320 304 48 320 2
addpatch 288 64 320 320 32 320 320 64 320 304 48 320 2
addpatch 288 64 320 288 64 352 288 32 352 288 48 336 2
addpatch 288 64 320 288 32 352 288 32 320 288 48 336 2
addpatch 288 64 320 320 64 320 320 64 352 304 64 336 2
addpatch 288 64 320 320 64 352 288 64 352 304 64 336 2
addpatch 320 32 352 320 64 320 320 32 320 320 48 336 2
addpatch 320 32 352 320 64 352 320 64 320 320 48 336 2
addpatch 288 32 352 320 32 384 320 32 352 304 32 368 2
addpatch 288 32 352 288 32 384 320 32 384 304 32 368 2
addpatch 288 64 352 288 32 352 320 32 352 304 48 352 2
addpatch 288 64 352 320 32 352 320 64 352 304 48 352 2
addpatch 288 64 352 288 64 384 288 32 384 288 48 368 2
addpatch 288 64 352 288 32 384 288 32 352 288 48 368 2
addpatch 288 64 352 320 64 352 320 64 384 304 64 368 2
addpatch 288 64 352 320 64 384 288 64 384 304 64 368 2
addpatch 320 32 384 288 64 384 320 64 384 304 48 384 2
addpatch 320 32 384 288 32 384 288 64 384 304 48 384 2
addpatch 320 32 352 352 32 384 352 32 352 336 32 368 2
addpatch 320 32 352 320 32 384 352 32 384 336 32 368 2
addpatch 320 64 352 320 32 352 352 32 352 336 48 352 2
addpatch 320 64 352 352 32 352 352 64 352 336 48 352 2
addpatch 320 64 352 320 64 384 320 32 384 320 48 368 2
addpatch 320 64 352 320 32 384 320 32 352 320 48 368 2
addpatch 320 64 352 352 64 352 352 64 384 336 64 368 2
addpatch 320 64 352 352 64 384 320 64 384 336 64 368 2
addpatch 352 32 352 384 32 384 384 32 352 368 32 368 2
addpatch 352 32 352 352 32 384 384 32 384 368 32 368 2
addpatch 352 64 352 352 32 352 384 32 352 368 48 352 2
addpatch 352 64 352 384 32 352 384 64 352 368 48 352 2
addpatch 352 64 352 352 64 384 352 32 384 352 48 368 2
addpatch 352 64 352 352 32 384 352 32 352 352 48 368 2
addpatch 352 64 352 384 64 352 384 64 384 368 64 368 2
addpatch 352 64 352 384 64 384 352 64 384 368 64 368 2
addpatch 384 32 384 384 64 352 384 32 352 384 48 368 2
addpatch 384 32 384 384 64 384 384 64 352 384 48 368 2
addpatch 320 32 384 352 32 416 352 32 384 336 32 400 2
addpatch 320 32 384 320 32 416 352 32 416 336 32 400 2
addpatch 320 64 384 320 32 384 352 32 384 336 48 384 2
addpatch 320 64 384 352 32 384 352 64 384 336 48 384 2
addpatch 320 64 384 320 64 416 320 32 416 320 48 400 2
addpatch 320 64 384 320 32 416 320 32 384 320 48 400 2
addpatch 320 64 384 352 64 384 352 64 416 336 64 400 2
addpatch 320 64 384 352 64 416 320 64 416 336 64 400 2
addpatch 352 32 384 384 32 416 384 32 384 368 32 400 2
addpatch 352 32 384 352 32 416 384 32 416 368 32 400 2
addpatch 352 64 384 352 32 384 384 32 384 368 48 384 2
addpatch 352 64 384 384 32 384 384 64 384 368 48 384 2
addpatch 352 64 384 352 64 416 352 32 416 352 48 400 2
addpatch 352 64 384 352 32 416 352 32 384 352 48 400 2
addpatch 352 64 384 384 64 384 384 64 416 368 64 400 2
addpatch 352 64 384 384 64 416 352 64 416 368 64 400 2
addpatch 384 32 416 384 64 384 384 32 384 384 48 400 2
addpatch 384 32 416 384 64 416 384 64 384 384 48 400 2
addpatch 320 32 416 352 32 448 352 32 416 336 32 432 2
addpatch 320 32 416 320 32 448 352 32 448 336 32 432 2
addpatch 320 64 416 320 32 416 352 32 416 336 48 416 2
addpatch 320 64 416 352 32 416 352 64 416 336 48 416 2
addpatch 320 64 416 352 64 416 352 64 448 336 64 432 2
addpatch 320 64 416 352 64 448 320 64 448 336 64 432 2
addpatch 352 32 448 320 64 448 352 64 448 336 48 448 2
addpatch 352 32 448 320 32 448 320 64 448 336 48 448 2
addpatch 352 32 416 384 32 448 384 32 416 368 32 432 2
addpatch 352 32 416 352 32 448 384 32 448 368 32 432 2
addpatch 352 64 416 352 32 416 384 32 416 368 48 416 2
addpatch 352 64 416 384 32 416 384 64 416 368 48 416 2
addpatch 352 64 416 352 64 448 352 32 448 352 48 432 2
addpatch 352 64 416 352 32 448 352 32 416 352 48 432 2
addpatch 352 64 416 384 64 416 384 64 448 368 64 432 2
addpatch 352 64 416 384 64 448 352 64 448 368 64 432 2
addpatch 384 32 448 384 64 416 384 32 416 384 48 432 2
addpatch 384 32 448 384 64 448 384 64 416 384 48 432 2
addpatch 384 32 448 352 64 448 384 64 448 368 48 448 2
addpatch 384 32 448 352 32 448 352 64 448 368 48 448 2
addpatch 288 32 416 320 32 448 320 32 416 304 32 432 2
addpatch 288 32 416 288 32 448 320 32 448 304 32 432 2
addpatch 288 64 416 288 32 416 320 32 416 304 48 416 2
addpatch 288 64 416 320 32 416 320 64 416 304 48 416 2
addpatch 288 64 416 288 64 448 288 32 448 288 48 432 2
addpatch 288 64 416 288 32 448 288 32 416 288 48 432 2
addpatch 288 64 416 320 64 416 320 64 448 304 64 432 2
addpatch 288 64 416 320 64 448 288 64 448 304 64 432 2
addpatch 320 32 448 320 64 416 320 32 416 320 48 432 2
addpatch 320 32 448 320 64 448 320 64 416 320 48 432 2
addpatch 320 32 448 288 64 448 320 64 448 304 48 448 2
addpatch 320 32 448 288 32 448 288 64 448 304 48 448 2
addpatch 320 32 512 352 32 512 352 32 544 336 32 528 1
addpatch 320 32 512 352 32 544 320 32 544 336 32 528 1
addpatch 288 32 512 320 32 512 320 32 544 304 32 528 1
addpatch 288 32 512 320 32 544 288 32 544 304 32 528 1
addpatch 288 32 544 320 32 544 320 32 576 304 32 560 1
addpatch 288 32 544 320 32 576 288 32 576 304 32 560 1
addpatch 256 32 544 288 32 544 288 32 576 272 32 560 1
addpatch 256 32 544 288 32 576 256 32 576 272 32 560 1
addpatch 256 32 576 288 32 576 288 32 608 272 32 592 1
addpatch 256 32 576 288 32 608 256 32 608 272 32 592 1
addpatch 224 32 576 256 32 576 256 32 608 240 32 592 1
addpatch 224 32 576 256 32 608 224 32 608 240 32 592 1
addpatch 224 32 608 256 32 608 256 32 640 240 32 624 1
addpatch 224 32 608 256 32 640 224 32 640 240 32 624 1
addpatch 192 32 608 224 32 608 224 32 640 208 32 624 1
addpatch 192 32 608 224 32 640 192 32 640 208 32 624 1
addpatch 160 32 608 192 32 608 192 32 640 176 32 624 1
addpatch 160 32 608 192 32 640 160 32 640 176 32 624 1
addpatch 128 32 608 160 32 608 160 32 640 144 32 624 1
addpatch 128 32 608 160 32 640 128 32 640 144 32 624 1
addpatch 96 32 608 128 32 608 128 32 640 112 32 624 1
addpatch 96 32 608 128 32 640 96 32 640 112 32 624 1
addpatch 64 32 576 96 32 576 96 32 608 80 32 592 1
addpatch 64 32 576 96 32 608 64 32 608 80 32 592 1
addpatch 64 32 544 96 32 544 96 32 576 80 32 560 1
addpatch 64 32 544 96 32 576 64 32 576 80 32 560 1
addpatch 64 32 512 96 32 512 96 32 544 80 32 528 1
addpatch 64 32 512 96 32 544 64 32 544 80 32 528 1
addpatch 64 32 480 96 32 480 96 32 512 80 32 496 1
addpatch 64 32 480 96 32 512 64 32 512 80 32 496 1
addpatch 64 32 384 96 32 384 96 32 416 80 32 400 1
addpatch 64 32 384 96 32 416 64 32 416 80 32 400 1
addpatch 160 32 256 192 32 256 192 32 288 176 32 272 1
addpatch 160 32 256 192 32 288 160 32 288 176 32 272 1
addpatch 128 32 256 160 32 256 160 32 288 144 32 272 1
addpatch 128 32 256 160 32 288 128 32 288 144 32 272 1
addpatch 96 32 288 128 32 288 128 32 320 112 32 304 1
addpatch 96 32 288 128 32 320 96 32 320 112 32 304 1
addpatch 64 32 320 96 32 320 96 32 352 80 32 336 1
addpatch 64 32 320 96 32 352 64 32 352 80 32 336 1
addpatch 64 32 352 96 32 352 96 32 384 80 32 368 1
addpatch 64 32 352 96 32 384 64 32 384 80 32 368 1
addpatch 96 32 320 128 32 320 128 32 352 112 32 336 1
addpatch 96 32 320 128 32 352 96 32 352 112 32 336 1
addpatch 128 32 288 160 32 288 160 32 320 144 32 304 1
addpatch 128 32 288 160 32 320 128 32 320 144 32 304 1
addpatch 32 32 448 64 32 448 64 32 480 48 32 464 1
addpatch 32 32 448 64 32 480 32 32 480 48 32 464 1
addpatch 96 32 352 128 32 352 128 32 384 112 32 368 1
addpatch 96 32 352 128 32 384 96 32 384 112 32 368 1
addpatch 96 32 384 128 32 384 128 32 416 112 32 400 1
addpatch 96 32 384 128 32 416 96 32 416 112 32 400 1
addpatch 64 32 416 96 32 416 96 32 448 80 32 432 1
addpatch 64 32 416 96 32 448 64 32 448 80 32 432 1
addpatch 64 32 448 96 32 448 96 32 480 80 32 464 1
addpatch 64 32 448 96 32 480 64 32 480 80 32 464 1
addpatch 128 32 320 160 32 320 160 32 352 144 32 336 1
addpatch 128 32 320 160 32 352 128 32 352 144 32 336 1
addpatch 128 32 352 160 32 352 160 32 384 144 32 368 1
addpatch 128 32 352 160 32 384 128 32 384 144 32 368 1
addpatch 96 32 416 128 32 416 128 32 448 112 32 432 1
addpatch 96 32 416 128 32 448 96 32 448 112 32 432 1
addpatch 96 32 448 128 32 448 128 32 480 112 32 464 1
addpatch 96 32 448 128 32 480 96 32 480 112 32 464 1
addpatch 96 32 480 128 32 480 128 32 512 112 32 496 1
addpatch 96 32 480 128 32 512 96 32 512 112 32 496 1
addpatch 96 32 512 128 32 512 128 32 544 112 32 528 1
addpatch 96 32 512 128 32 544 96 32 544 112 32 528 1
addpatch 96 32 544 128 32 544 128 32 576 112 32 560 1
addpatch 96 32 544 128 32 576 96 32 576 112 32 560 1
addpatch 96 32 576 128 32 576 128 32 608 112 32 592 1
addpatch 96 32 576 128 32 608 96 32 608 112 32 592 1
addpatch 160 32 576 192 32 576 192 32 608 176 32 592 1
addpatch 160 32 576 192 32 608 160 32 608 176 32 592 1
addpatch 192 32 576 224 32 576 224 32 608 208 32 592 1
addpatch 192 32 576 224 32 608 192 32 608 208 32 592 1
addpatch 224 32 544 256 32 544 256 32 576 240 32 560 1
addpatch 224 32 544 256 32 576 224 32 576 240 32 560 1
addpatch 256 32 512 288 32 512 288 32 544 272 32 528 1
addpatch 256 32 512 288 32 544 256 32 544 272 32 528 1
addpatch 256 32 480 288 32 480 288 32 512 272 32 496 1
addpatch 256 32 480 288 32 512 256 32 512 272 32 496 1
addpatch 224 32 480 256 32 480 256 32 512 240 32 496 1
addpatch 224 32 480 256 32 512 224 32 512 240 32 496 1
addpatch 224 32 512 256 32 512 256 32 544 240 32 528 1
addpatch 224 32 512 256 32 544 224 32 544 240 32 528 1
addpatch 192 32 544 224 32 544 224 32 576 208 32 560 1
addpatch 192 32 544 224 32 576 192 32 576 208 32 560 1
addpatch 192 32 512 224 32 512 224 32 544 208 32 528 1
addpatch 192 32 512 224 32 544 192 32 544 208 32 528 1
addpatch 160 32 544 192 32 544 192 32 576 176 32 560 1
addpatch 160 32 544 192 32 576 160 32 576 176 32 560 1
addpatch 160 32 512 192 32 512 192 32 544 176 32 528 1
addpatch 160 32 512 192 32 544 160 32 544 176 32 528 1
addpatch 160 32 480 192 32 480 192 32 512 176 32 496 1
addpatch 160 32 480 192 32 512 160 32 512 176 32 496 1
addpatch 160 32 416 192 32 416 192 32 448 176 32 432 1
addpatch 160 32 416 192 32 448 160 32 448 176 32 432 1
addpatch 160 32 448 192 32 448 192 32 480 176 32 464 1
addpatch 160 32 448 192 32 480 160 32 480 176 32 464 1
addpatch 128 32 448 160 32 448 160 32 480 144 32 464 1
addpatch 128 32 448 160 32 480 128 32 480 144 32 464 1
addpatch 128 32 576 160 32 576 160 32 608 144 32 592 1
addpatch 128 32 576 160 32 608 128 32 608 144 32 592 1
addpatch 128 32 544 160 32 544 160 32 576 144 32 560 1
addpatch 128 32 544 160 32 576 128 32 576 144 32 560 1
addpatch 128 32 512 160 32 512 160 32 544 144 32 528 1
addpatch 128 32 512 160 32 544 128 32 544 144 32 528 1
addpatch 128 32 480 160 32 480 160 32 512 144 32 496 1
addpatch 128 32 480 160 32 512 128 32 512 144 32 496 1
addpatch 128 32 416 160 32 416 160 32 448 144 32 432 1
addpatch 128 32 416 160 32 448 128 32 448 144 32 432 1
addpatch 128 32 384 160 32 384 160 32 416 144 32 400 1
addpatch 128 32 384 160 32 416 128 32 416 144 32 400 1
lightenabled 0 1
lighttype 0 0
lightintensity 0 5000
lightrgb 0 0.321 0.321 0.321
lightpos 0 0 0 0
lightend 0 0 0 0
lightenabled 1 1
lighttype 1 1
lightintensity 1 5000
lightrgb 1 1 0.382 0.3923
lightpos 1 245.922 136 372.018
lightend 1 278.62 31.4257 305.568
lightenabled 2 1
lighttype 2 2
lightintensity 2 5000
lightrgb 2 0.968 0.968 0.968
lightpos 2 466.358 102 412.988
lightend 2 270.257 31.4007 278.57
lightenabled 3 0
lighttype 3 1
lightintensity 3 5000
lightrgb 3 1 1 1
lightpos 3 0 0 0
lightend 3 0 0 0
lightenabled 4 0
lighttype 4 1
lightintensity 4 5000
lightrgb 4 1 1 1
lightpos 4 0 0 0
lightend 4 0 0 0
lightenabled 5 0
lighttype 5 1
lightintensity 5 5000
lightrgb 5 1 1 1
lightpos 5 0 0 0
lightend 5 0 0 0
lightenabled 6 0
lighttype 6 1
lightintensity 6 5000
lightrgb 6 1 1 1
lightpos 6 0 0 0
lightend 6 0 0 0
lightenabled 7 0
lighttype 7 1
lightintensity 7 5000
lightrgb 7 1 1 1
lightpos 7 0 0 0
lightend 7 0 0 0
lightenabled 8 0
lighttype 8 1
lightintensity 8 5000
lightrgb 8 1 1 1
lightpos 8 0 0 0
lightend 8 0 0 0
lightenabled 9 0
lighttype 9 1
lightintensity 9 5000
lightrgb 9 1 1 1
lightpos 9 0 0 0
lightend 9 0 0 0

editcam 73.7834 535.571 54.7818 46.58 -51.3
playcam -221.378 519.122 -71.6129 45 -35 0.55
